3895.03
3186.8
4682.65
2864.06
1183.56
3549.14
4111.06
1044.94
4000.26
1033.05
4480.22
3586.91
3894.61
4363.25
4417.93
4392.66
3950.75
3391.23
3036.33
3950.51
4211.48
3354.1
4063.87
1346.44
4068.74
4072.69
1078.78
756.632
4366.63
3870.03
3419.36
3233.94
911.574
3557.78
584.27
3261.46
759.064
3547.98
767.477
3983.19
1360.98
4055.8
3828.12
3728.7
3727.19
4424.72
3579.34
4015.4
3112.86
2995.61
3672.95
4043.18
3566.78
4222.39
3024.18
4176.85
2654.67
743.194
3682.96
3615.9
816.557
4016.33
3812.36
3779.98
4552.22
3624.35
4024.11
3766.72
1513.63
3734.7
3639.81
672.185
575.002
2942.71
2536.69
4062.69
3613.49
3847.05
558.824
3568.91
3424
4257.26
3731.34
1304.77
1209.58
4228.36
3817.86
3296.67
3786.36
3257.27
3769.19
1347.93
4311.41
463.43
4346.99
3756.24
3420.35
3348.09
4509.65
554.146
