3895.03
3186.8
4682.65
2864.06
1183.56
1075.32
4111.06
1044.94
4000.26
1033.05
4480.22
3586.91
3894.61
4363.25
4417.93
4392.66
3950.75
3391.23
3036.33
3950.51
4211.48
3354.1
4063.87
1346.44
4521.79
3384.67
4678.78
4496.08
766.631
3461.37
3419.36
3233.94
911.574
3557.78
584.27
3261.46
3987.3
4116.06
767.477
3983.19
1360.98
2943.8
2716.12
2616.7
3727.19
4424.72
3579.34
4015.4
3112.86
2995.61
3672.95
4043.18
3566.78
4222.39
3024.18
4176.85
2654.67
743.194
3682.96
3615.9
816.557
4016.33
1313.18
4443.67
4552.22
3624.35
4024.11
3766.72
5189.92
3734.7
3639.81
672.185
575.002
2942.71
2536.69
4062.69
3613.49
3847.05
558.824
4201.83
3424
4257.26
3731.34
4564.16
4013.75
628.359
3571.21
3296.67
3786.36
3257.27
3769.19
4635.14
4311.41
463.43
4346.99
3756.24
3420.35
3348.09
4509.65
554.146
