3895.03
3186.8
4682.65
2864.06
1183.56
1075.32
4111.06
1044.94
4000.26
1033.05
4480.22
3586.91
3894.61
4363.25
4417.93
4392.66
3950.75
3391.23
3036.33
3950.51
4211.48
3354.1
912.074
1346.44
921.789
3384.67
1078.78
756.632
766.631
3870.03
3419.36
3320.8
911.574
3990.23
584.27
3261.46
759.064
3547.98
767.477
3983.19
1360.98
4055.8
3828.12
3728.7
3727.19
4424.72
3579.34
4015.4
3112.86
2995.61
3672.95
4043.18
3566.78
868.232
3024.18
4176.85
2654.67
743.194
3682.96
3615.9
816.557
3723.45
1313.18
4443.67
4552.22
3624.35
879.248
3766.72
1513.63
3734.7
4126.66
672.185
575.002
2942.71
2536.69
4062.69
3613.49
3847.05
558.824
3904.24
3424
3272.26
3731.34
1304.77
1209.58
628.359
3817.86
3296.67
3786.36
3257.27
4512
1347.93
1065.06
463.43
4346.99
3756.24
3420.35
3348.09
4509.65
554.146
