0.754353
0.971319
0.660093
0.562608
0.975428
0.845313
0.625312
0.648845
0.460863
0.898638
0.47558
0.47558
0.28544
0.98023
0.792299
0.692551
1.01587
0.762206
0.762206
0.911233
0.958116
0.499449
1.39378
0.831496
1.16868
0.329206
0.781794
0.825451
0.61944
0.61944
0.885252
0.686573
1.13211
0.328325
0.539437
0.820916
0.97722
0.385722
1.1365
0.949165
0.918613
0.307582
0.307582
0.307582
0.818257
0.829061
0.723173
0.813192
0.485893
0.485893
0.681392
0.864389
1.06635
1.53379
0.801339
0.915143
0.796662
0.854351
0.854351
0.57823
0.770164
0.689143
0.984918
0.751577
0.798549
0.984766
0.929626
0.837565
0.93313
0.68468
0.544764
0.950351
0.950351
0.222107
0.222107
0.836549
1.02361
0.587335
1.10862
0.689656
0.955447
0.689204
0.874992
1.12515
0.856796
0.597149
0.597149
0.711637
0.818181
0.818181
0.938427
0.955975
1.04481
0.643954
0.776547
1.01233
1.01233
1.2842
0.924276
1.05191
