1.07576
1.04826
1.0226
0.562608
0.845313
0.845313
0.625312
0.648845
0.460863
0.898638
0.47558
0.47558
0.28544
0.946668
1.8708
1.54057
1.01587
1.41719
0.762206
0.959688
0.958116
0.499449
1.39378
0.831496
1.16868
1.37301
0.781794
0.825451
0.61944
1.57117
0.727999
0.686573
1.13211
0.328325
0.539437
0.820916
0.97722
0.385722
1.1365
0.949165
0.811035
0.307582
0.307582
0.307582
0.818257
0.829061
0.723173
1.59015
0.485893
0.485893
0.681392
1.57364
1.06635
1.53379
0.801339
0.915143
0.796662
0.854351
0.854351
0.57823
0.854726
0.689143
0.984918
2.34323
1.86782
0.984766
0.929626
0.837565
0.93313
0.68468
0.649662
0.950351
0.950351
0.222107
0.222107
0.836549
1.02361
0.587335
1.10862
0.55922
0.955447
0.689204
0.874992
1.12515
0.777924
0.597149
0.597149
1.09482
0.490964
0.490964
1.65054
1.22633
1.04481
0.643954
0.643954
1.01233
1.01233
1.2842
2.49683
1.05191
