1		216.233 374.798 51270 2		183, 183		530.433 736.34 82965 2		575, 575		918.817 1117.46 151511 2		297, 297		1375.77 1606.44 102846 2		5, 
1		1359.97 1457.75 51385 2		590, 590		3897.63 3982.19 323111 2		5, 
1		216.233 374.798 51270 2		183, 183		388.45 497.763 82870 2		216, 216		633.133 867.814 88743 2		68, 68		1191.43 1367.15 62966 2		6, 
1		1379.48 1547.14 51279 2		223, 223		3690.35 3847.7 258952 2		142, 142		3949.43 4022.93 244798 2		7, 
1		231.017 353.52 51306 2		344, 344		580.717 648.953 30849 1		648, 648		786.967 949.162 164357 2		204, 204		1038.2 1181.64 86506 2		10, 
1		446.717 550.862 51323 2		378, 378		605.783 684 117085 2		49, 49		697.967 963.46 59601 2		19, 19		1267.82 1349.6 54383 2		10, 
1		728.383 905.162 51396 2		629, 629		1223.32 1401.91 161046 2		536, 536		1421.3 1649 144660 2		12, 
1		163.483 288.06 51259 2		148, 148		626.633 797.05 76932 2		325, 325		903.283 1073.24 107720 2		13, 
1		1437.92 1703.57 51359 2		500, 500		3768.07 3851.08 307457 2		314, 314		4667.58 4812.32 274828 2		17, 
1		446.717 550.862 51323 2		378, 378		661.583 856.003 117236 2		564, 564		1068.6 1150 149549 2		18, 
1		586.417 784.15 51304 2		339, 339		1007.03 1073.46 30424 1		612, 612		1297.05 1520.49 157951 2		19, 
1		4046.72 4150.86 220328 2		378, 378		4205.78 4284 286090 2		49, 49		4297.97 4563.46 228606 2		19, 
1		523.033 656.207 51369 2		532, 532		784.8 972.946 143994 2		171, 171		1140.75 1315.12 80815 2		23, 
1		728.383 905.162 51396 2		629, 629		1203.18 1311.97 49479 1		441, 441		1334.68 1571.96 36922 1		28, 
1		874.533 1090.84 51394 2		615, 615		1179.88 1240.69 48453 1		30, 
1		728.383 905.162 51396 2		629, 629		956.433 1140.02 160975 2		266, 266		1147.58 1265.52 97570 2		402, 402		1280.72 1597.06 121368 2		32, 
1		785.033 995.359 51241 2		80, 80		1200.03 1250.81 65111 2		374, 374		1291.23 1738.31 116406 2		38, 
1		540.133 880.479 51292 2		264, 264		1026.58 1171.69 97085 2		68, 68		1363.38 1546.24 62977 2		40, 
1		874.533 1090.84 51394 2		615, 615		1213.62 1407.46 48525 1		531, 531		1425.27 1727.99 143798 2		40, 
1		874.533 1090.84 51394 2		615, 615		1289.87 1664.21 158494 2		44, 
1		728.383 905.162 51396 2		629, 629		1062.3 1231.16 49472 1		395, 395		1268.5 1842.13 120110 2		50, 
1		990.767 1144.93 51275 2		211, 211		1387.55 1514 87944 2		465, 465		4059.15 4243.67 301421 2		52, 
1		520.183 1003.56 51307 2		347, 347		1228.93 1279.44 31089 1		53, 
1		231.017 353.52 51306 2		344, 344		537.5 566.766 5169 0		196, 196		993.467 1122.02 85119 2		57, 
1		728.383 905.162 51396 2		629, 629		956.433 1140.02 160975 2		266, 266		1140.73 1378.56 97463 2		60, 
1		1022 1244.43 51235 2		61, 
1		446.717 550.862 51323 2		378, 378		560.983 689.414 117235 2		564, 564		728.767 1122.15 149559 2		62, 
1		446.717 550.862 51323 2		378, 378		560.983 689.414 117235 2		564, 564		728.767 1122.15 149559 2		62, 
1		136.967 260.303 51319 2		372, 372		595.617 799.022 116032 2		68, 
1		648.2 864.266 51370 2		533, 533		976.383 1094.11 144134 2		68, 
1		3816.23 3974.8 220275 2		183, 183		4022.47 4163.18 251975 2		583, 583		4170.43 4237.5 321909 2		228, 228		4498.93 4600.38 259809 2		69, 
1		3763.48 3888.06 220264 2		148, 148		4525.68 4608.81 245867 2		70, 
1		231.017 353.52 51306 2		344, 344		491.183 631.161 167602 3		328, 328		1051.85 1136.76 108283 2		72, 
1		1379.48 1547.14 51279 2		223, 223		3847.02 3975.1 259008 2		362, 362		4095.27 4199.83 283280 2		73, 
1		548.683 698.486 51386 2		591, 591		710.167 857.537 154301 2		75, 
1		1409.6 1704.4 51277 2		214, 214		3904.58 4090.58 257500 2		488, 488		4201.38 4381.91 305302 2		76, 
1		548.683 698.486 51386 2		591, 591		749.567 850.893 154366 2		262, 262		881.35 975.43 96724 2		79, 
1		728.383 905.162 51396 2		629, 629		996.467 1147.6 49507 1		605, 605		1204.98 1362.7 156683 2		79, 
1		136.967 260.303 51319 2		372, 372		389.933 559.601 116045 2		104, 104		673.35 784.677 69235 2		81, 
1		1023.57 1248.7 51242 2		80, 80		1354.87 1709.35 65035 2		81, 
1		523.033 656.207 51369 2		532, 532		784.8 972.946 143994 2		171, 171		1257.32 1435.16 80828 2		83, 
1		3716.13 3875.57 220370 2		515, 515		3901.1 3985.87 310042 2		84, 
1		3716.13 3875.57 220370 2		515, 515		3901.1 3985.87 310042 2		84, 
1		3716.13 3875.57 220370 2		515, 515		3901.1 3985.87 310042 2		84, 
1		1359.97 1457.75 51385 2		590, 590		3670.52 3718.49 215284 1		260, 260		3823.47 4074.38 265411 2		87, 
1		728.383 905.162 51396 2		629, 629		989.833 1159.63 160943 2		142, 142		1333.1 1796.9 75816 2		91, 
1		849.483 1171.07 51308 2		348, 348		1218.7 1409.1 111897 2		653, 653		1423.38 1690.19 165246 2		92, 
1		843.233 1053.73 51299 2		304, 304		1079.4 1204.78 28612 1		540, 540		1250.9 1327.41 43008 1		264, 264		1399.97 1453.12 25825 1		93, 
1		1379.48 1547.14 51279 2		223, 223		3846.55 3987.1 259040 2		494, 494		4157.4 4362.66 306332 2		94, 
1		1379.48 1547.14 51279 2		223, 223		3846.55 3987.1 259040 2		494, 494		4157.4 4362.66 306332 2		94, 
1		4046.72 4150.86 220328 2		378, 378		4154.53 4231.41 286183 2		391, 391		4249.65 4356.82 288540 2		601, 601		4510.75 4709.23 325003 2		96, 
1		728.383 905.162 51396 2		629, 629		996.467 1147.6 49507 1		605, 605		1149.23 1229.69 8835 0		152, 152		1274.93 1467.69 77554 2		100, 
1		3831.02 3953.52 220311 2		344, 344		4429.15 4617.43 280162 2		436, 436		4758.85 4939.08 296324 2		100, 
1		586.417 784.15 51304 2		339, 339		1260.35 1436.4 110181 2		101, 
1		3736.97 3860.3 220324 2		372, 372		3989.93 4159.6 285050 2		104, 
1		874.533 1090.84 51394 2		615, 615		1151.78 1379.56 158589 2		390, 390		1384.57 1619.97 119224 2		105, 
1		3763.48 3888.06 220264 2		148, 148		3932.33 4028.2 245877 2		107, 
1		548.683 698.486 51386 2		591, 591		749.567 850.893 154366 2		262, 262		1151.68 1245.36 96735 2		109, 
1		1379.48 1547.14 51279 2		223, 223		3745.07 4077.1 259004 2		348, 348		4112.1 4211.42 280832 2		316, 316		4465.52 4560.77 275240 2		109, 
1		667.167 962.717 51295 2		279, 279		1037.02 1167.89 27107 1		592, 592		1377.73 1554.55 154482 2		112, 
1		446.717 550.862 51323 2		378, 378		735.017 882.757 117103 2		114, 
1		4046.72 4150.86 220328 2		378, 378		4335.02 4482.76 286108 2		114, 
1		570.917 1106.73 51389 2		600, 600		1299.78 1457.29 155825 2		121, 
1		843.233 1053.73 51299 2		304, 304		1093.8 1368.91 28556 1		121, 
1		728.383 905.162 51396 2		629, 629		981.783 1108.5 160901 2		3, 3		1330.8 1766.56 51590 2		122, 
1		3831.02 3953.52 220311 2		344, 344		4019.4 4365.8 280072 2		123, 
1		1004.47 1331.07 51257 2		138, 138		1391.18 1650.08 75111 2		127, 
1		3816.23 3974.8 220275 2		183, 183		4155.22 4212.46 251829 2		78, 78		4689.65 4910.77 233724 2		128, 
1		728.383 905.162 51396 2		629, 629		927.9 1032.41 160919 2		80, 80		1330.7 1380.65 14128 1		130, 
1		3763.48 3888.06 220264 2		148, 148		3994.8 4277.48 246024 2		629, 629		4316.62 4469.13 329945 2		137, 
1		1379.48 1547.14 51279 2		223, 223		3847.02 3975.1 259008 2		362, 362		4298.72 4622.32 336684 3		144, 
1		990.767 1144.93 51275 2		211, 211		1366 1513.07 87845 2		147, 
1		990.767 1144.93 51275 2		211, 211		1366 1513.07 87845 2		147, 
1		3763.48 3888.06 220264 2		148, 
1		3763.48 3888.06 220264 2		148, 
1		1035.62 1240.85 51374 2		542, 542		1389.02 1719.2 145766 2		149, 
1		874.533 1090.84 51394 2		615, 615		1213.62 1407.46 48525 1		531, 531		1436.27 1518.16 42579 1		150, 
1		3816.23 3974.8 220275 2		183, 183		4022.47 4163.18 251975 2		583, 583		4805.7 4954.43 321889 2		151, 
1		1230.1 1635.46 51262 2		152, 
1		990.767 1144.93 51275 2		211, 211		1387.55 1514 87944 2		465, 465		4245.77 4430.09 301451 2		154, 
1		3736.97 3860.3 220324 2		372, 372		4627.5 4769.55 285068 2		155, 
1		728.383 905.162 51396 2		629, 629		996.467 1147.6 49507 1		605, 605		1229.45 1329.79 47791 1		61, 61		1401.32 1594.49 61762 2		156, 
1		3816.23 3974.8 220275 2		183, 183		4025.43 4096.07 251929 2		413, 413		4519.22 4748.24 292229 2		159, 
1		728.383 905.162 51396 2		629, 629		1143.53 1284.51 49430 1		151, 151		1312.45 1542.17 77393 2		160, 
1		136.967 260.303 51319 2		372, 372		707.85 957.65 116066 2		161, 
1		1324.62 1556.08 51268 2		164, 
1		4148.68 4298.49 220391 2		591, 591		4767.15 4909.42 323336 2		164, 
1		1091.7 1245.55 51309 2		353, 353		1299.63 1760.95 112704 2		165, 
1		855.683 991.028 51272 2		207, 207		1097.57 1196.14 87145 2		321, 321		1232.67 1323.58 107092 2		167, 
1		1379.48 1547.14 51279 2		223, 223		3690.35 3847.7 258952 2		142, 142		3949.43 4022.93 244798 2		7, 7		4394.83 4555.01 221306 2		167, 
1		874.533 1090.84 51394 2		615, 615		1120.58 1332.4 158513 2		122, 122		1395.83 1571.97 72434 2		169, 
1		216.233 374.798 51270 2		183, 183		401.917 620.357 82935 2		442, 442		706.817 914.252 128407 2		170, 
1		446.717 550.862 51323 2		378, 378		1048.42 1293.45 117238 2		568, 568		1365.55 1496.68 168443 3		170, 
1		523.033 656.207 51369 2		532, 532		784.8 972.946 143994 2		171, 
1		855.683 991.028 51272 2		207, 207		1097.57 1196.14 87145 2		321, 321		1318.72 1496.5 29278 1		171, 
1		3831.02 3953.52 220311 2		344, 344		4127.3 4299.43 280174 2		479, 479		4411.77 4581.86 303833 2		172, 
1		3831.02 3953.52 220311 2		344, 344		4127.3 4299.43 280174 2		479, 479		4411.77 4581.86 303833 2		172, 
1		3763.48 3888.06 220264 2		148, 148		3891.18 4049.89 245970 2		439, 439		4084.27 4281.06 296983 2		595, 595		4563.25 4744.91 324026 2		174, 
1		728.383 905.162 51396 2		629, 629		943.75 1123.32 49483 1		471, 471		1181.55 1254.73 38979 1		602, 602		1344.15 1594.59 156205 2		175, 
1		741.383 870.984 51332 2		405, 405		969.05 1193.8 121911 2		176, 
