1		285.9 546.655 51358 2		500, 500		583.317 753.464 138361 2		5, 
1		1359.97 1457.75 51385 2		590, 590		3897.63 3982.19 323111 2		5, 
1		216.233 374.798 51270 2		183, 183		388.45 497.763 82870 2		216, 216		633.133 867.814 88743 2		68, 68		1191.43 1367.15 62966 2		6, 
1		1379.48 1547.14 51279 2		223, 223		3690.35 3847.7 258952 2		142, 142		3949.43 4022.93 244798 2		7, 
1		231.017 353.52 51306 2		344, 344		366.8 576.98 111036 2		10, 
1		446.717 550.862 51323 2		378, 378		554.533 631.407 117178 2		391, 391		954.783 1184.57 119521 2		549, 549		1410.6 1509.37 146962 2		10, 
1		728.383 905.162 51396 2		629, 629		1223.32 1401.91 161046 2		536, 536		1421.3 1649 144660 2		12, 
1		163.483 288.06 51259 2		148, 148		626.633 797.05 76932 2		325, 325		903.283 1073.24 107720 2		13, 
1		4557.05 4728.24 220344 2		434, 434		4969.37 5197.97 295975 2		17, 
1		446.717 550.862 51323 2		378, 378		661.583 856.003 117236 2		564, 564		1068.6 1150 149549 2		18, 
1		523.033 656.207 51369 2		532, 532		831.25 981.102 144115 2		625, 625		1033.97 1135.69 160276 2		70, 70		1221.93 1498.56 63337 2		19, 
1		4046.72 4150.86 220328 2		378, 378		4768.48 4983.16 286079 2		19, 
1		523.033 656.207 51369 2		532, 532		784.8 972.946 143994 2		171, 171		1140.75 1315.12 80815 2		23, 
1		981.95 1234.57 51315 2		370, 370		1240.98 1793.52 115697 2		28, 
1		874.533 1090.84 51394 2		615, 615		1179.88 1240.69 48453 1		30, 
1		446.717 550.862 51323 2		378, 378		554.533 631.407 117178 2		391, 391		756.183 1079.09 119396 2		95, 95		1123.48 1368.92 67597 2		32, 
1		785.033 995.359 51241 2		80, 80		1200.03 1250.81 65111 2		374, 374		1291.23 1738.31 116406 2		38, 
1		523.033 656.207 51369 2		532, 532		725.183 985.694 143959 2		40, 
1		874.533 1090.84 51394 2		615, 615		1213.62 1407.46 48525 1		531, 531		1425.27 1727.99 143798 2		40, 
1		812.3 1070.51 51250 2		108, 108		1164.1 1259.51 16007 1		44, 
1		820.367 1034.76 51326 2		392, 392		1298.18 1439.92 119724 2		631, 631		3773.48 3924.45 330270 2		50, 
1		990.767 1144.93 51275 2		211, 211		1387.55 1514 87944 2		465, 465		4059.15 4243.67 301421 2		52, 
1		548.683 698.486 51386 2		591, 591		710.167 857.537 154301 2		75, 75		1089.4 1157.84 64267 2		347, 347		1228.93 1279.44 31089 1		53, 
1		216.233 374.798 51270 2		183, 183		422.467 563.184 82970 2		583, 583		642.083 856.801 152906 2		230, 230		874.8 1071.74 91134 2		57, 
1		728.383 905.162 51396 2		629, 629		956.433 1140.02 160975 2		266, 266		1140.73 1378.56 97463 2		60, 
1		1022 1244.43 51235 2		61, 
1		446.717 550.862 51323 2		378, 378		560.983 689.414 117235 2		564, 564		728.767 1122.15 149559 2		62, 
1		446.717 550.862 51323 2		378, 378		560.983 689.414 117235 2		564, 564		728.767 1122.15 149559 2		62, 
1		216.233 374.798 51270 2		183, 183		388.45 497.763 82870 2		216, 216		633.133 867.814 88743 2		68, 
1		648.2 864.266 51370 2		533, 533		976.383 1094.11 144134 2		68, 
1		1379.48 1547.14 51279 2		223, 223		4078.28 4135.66 258993 2		301, 301		4451.97 4650.65 272720 2		653, 653		4677.4 4833.74 334242 2		69, 
1		4123.03 4256.21 220374 2		532, 532		4431.25 4581.1 313120 2		625, 625		4633.97 4735.69 329281 2		70, 
1		231.017 353.52 51306 2		344, 344		491.183 631.161 167602 3		328, 328		1051.85 1136.76 108283 2		72, 
1		1379.48 1547.14 51279 2		223, 223		4481.42 4651.4 259084 2		652, 652		4981.45 5203.23 334056 2		73, 
1		548.683 698.486 51386 2		591, 591		710.167 857.537 154301 2		75, 
1		1409.6 1704.4 51277 2		214, 214		3904.58 4090.58 257500 2		488, 488		4201.38 4381.91 305302 2		76, 
1		548.683 698.486 51386 2		591, 591		749.567 850.893 154366 2		262, 262		881.35 975.43 96724 2		79, 
1		1034.58 1244.28 51363 2		513, 513		1381.33 1621.05 140663 2		79, 
1		136.967 260.303 51319 2		372, 372		389.933 559.601 116045 2		104, 104		673.35 784.677 69235 2		81, 
1		1023.57 1248.7 51242 2		80, 80		1354.87 1709.35 65035 2		81, 
1		523.033 656.207 51369 2		532, 532		784.8 972.946 143994 2		171, 171		1257.32 1435.16 80828 2		83, 
1		4123.03 4256.21 220374 2		532, 532		4984.58 5097.87 312977 2		84, 
1		4123.03 4256.21 220374 2		532, 532		4984.58 5097.87 312977 2		84, 
1		4123.03 4256.21 220374 2		532, 532		4984.58 5097.87 312977 2		84, 
1		3816.23 3974.8 220275 2		183, 183		4266.87 4406.87 251994 2		651, 651		4518.17 4738.06 333894 2		87, 
1		728.383 905.162 51396 2		629, 629		1084.02 1316.79 49423 1		91, 
1		849.483 1171.07 51308 2		348, 348		1192.07 1279.26 111761 2		41, 41		1366.28 1450.75 58220 2		92, 
1		843.233 1053.73 51299 2		304, 304		1403.23 1608.55 104075 2		93, 
1		1379.48 1547.14 51279 2		223, 223		3846.55 3987.1 259040 2		494, 494		4157.4 4362.66 306332 2		94, 
1		1379.48 1547.14 51279 2		223, 223		3846.55 3987.1 259040 2		494, 494		4157.4 4362.66 306332 2		94, 
1		4046.72 4150.86 220328 2		378, 378		4154.53 4231.41 286183 2		391, 391		4249.65 4356.82 288540 2		601, 601		4510.75 4709.23 325003 2		96, 
1		741.383 870.984 51332 2		405, 405		960.867 1185.66 121901 2		152, 152		1274.93 1467.69 77554 2		100, 
1		3831.02 3953.52 220311 2		344, 344		4429.15 4617.43 280162 2		436, 436		4758.85 4939.08 296324 2		100, 
1		586.417 784.15 51304 2		339, 339		1260.35 1436.4 110181 2		101, 
1		3736.97 3860.3 220324 2		372, 372		3989.93 4159.6 285050 2		104, 
1		874.533 1090.84 51394 2		615, 615		1151.78 1379.56 158589 2		390, 390		1384.57 1619.97 119224 2		105, 
1		3763.48 3888.06 220264 2		148, 148		3932.33 4028.2 245877 2		107, 
1		548.683 698.486 51386 2		591, 591		749.567 850.893 154366 2		262, 262		1151.68 1245.36 96735 2		109, 
1		1379.48 1547.14 51279 2		223, 223		3745.07 4077.1 259004 2		348, 348		4112.1 4211.42 280832 2		316, 316		4465.52 4560.77 275240 2		109, 
1		773.817 1022.49 51289 2		253, 253		1360.75 1454.22 95153 2		112, 
1		446.717 550.862 51323 2		378, 378		735.017 882.757 117103 2		114, 
1		1379.48 1547.14 51279 2		223, 223		4285.15 4446.78 258977 2		231, 231		4506.83 4709.21 260322 2		114, 
1		570.917 1106.73 51389 2		600, 600		1299.78 1457.29 155825 2		121, 
1		855.683 991.028 51272 2		207, 207		1017.5 1295.38 87097 2		121, 
1		874.533 1090.84 51394 2		615, 615		1120.58 1332.4 158513 2		122, 
1		3831.02 3953.52 220311 2		344, 344		4019.4 4365.8 280072 2		123, 
1		1004.47 1331.07 51257 2		138, 138		1391.18 1650.08 75111 2		127, 
1		3816.23 3974.8 220275 2		183, 183		4155.22 4212.46 251829 2		78, 78		4689.65 4910.77 233724 2		128, 
1		446.717 550.862 51323 2		378, 378		661.583 856.003 117236 2		564, 564		1220.07 1536.3 149572 2		130, 
1		4046.72 4150.86 220328 2		378, 378		4558.73 4921.39 286113 2		137, 
1		4046.72 4150.86 220328 2		378, 378		4391.13 4542.67 286228 2		512, 512		5023.32 5163.01 309524 2		144, 
1		990.767 1144.93 51275 2		211, 211		1366 1513.07 87845 2		147, 
1		990.767 1144.93 51275 2		211, 211		1366 1513.07 87845 2		147, 
1		3763.48 3888.06 220264 2		148, 
1		3763.48 3888.06 220264 2		148, 
1		1035.62 1240.85 51374 2		542, 542		1389.02 1719.2 145766 2		149, 
1		1206.47 1705.66 51260 2		150, 
1		3816.23 3974.8 220275 2		183, 183		4022.47 4163.18 251975 2		583, 583		4805.7 4954.43 321889 2		151, 
1		1230.1 1635.46 51262 2		152, 
1		990.767 1144.93 51275 2		211, 211		1387.55 1514 87944 2		465, 465		4245.77 4430.09 301451 2		154, 
1		3736.97 3860.3 220324 2		372, 372		4627.5 4769.55 285068 2		155, 
1		957.05 1128.24 51339 2		434, 434		1280.43 1436.54 127003 2		156, 
1		3816.23 3974.8 220275 2		183, 183		4025.43 4096.07 251929 2		413, 413		4519.22 4748.24 292229 2		159, 
1		446.717 550.862 51323 2		378, 378		819.483 1338.24 117241 2		570, 570		1407.77 1606.44 150585 2		160, 
1		136.967 260.303 51319 2		372, 372		707.85 957.65 116066 2		161, 
1		1324.62 1556.08 51268 2		164, 
1		4924.62 5156.08 220273 2		164, 
1		670.083 959.485 51246 2		90, 90		1007.67 1125.19 66762 2		165, 
1		855.683 991.028 51272 2		207, 207		1097.57 1196.14 87145 2		321, 321		1232.67 1323.58 107092 2		167, 
1		4046.72 4150.86 220328 2		378, 378		4154.53 4231.41 286183 2		391, 391		5017.87 5180.67 288418 2		167, 
1		843.233 1053.73 51299 2		304, 304		1206.7 1452.79 104093 2		169, 
1		216.233 374.798 51270 2		183, 183		401.917 620.357 82935 2		442, 442		706.817 914.252 128407 2		170, 
1		446.717 550.862 51323 2		378, 378		1048.42 1293.45 117238 2		568, 568		1365.55 1496.68 168443 3		170, 
1		523.033 656.207 51369 2		532, 532		784.8 972.946 143994 2		171, 
1		1029.4 1235.26 51375 2		547, 547		1279.52 1524.07 146660 2		171, 
1		4046.72 4150.86 220328 2		378, 378		4205.78 4284 286090 2		49, 49		4635.02 4860.25 228648 2		172, 
1		4046.72 4150.86 220328 2		378, 378		4205.78 4284 286090 2		49, 49		4635.02 4860.25 228648 2		172, 
1		3763.48 3888.06 220264 2		148, 148		3891.18 4049.89 245970 2		439, 439		4084.27 4281.06 296983 2		595, 595		4563.25 4744.91 324026 2		174, 
1		1147.85 1287.22 51269 2		175, 
1		741.383 870.984 51332 2		405, 405		969.05 1193.8 121911 2		176, 
