1		242.983 577.757 51395 2		623, 623		809.317 969.772 160049 2		578, 578		1127.97 1381.55 151959 2		5, 
1		1359.97 1457.75 51385 2		590, 590		3897.63 3982.19 323111 2		5, 
1		242.983 577.757 51395 2		623, 623		731.167 822.153 49074 1		572, 572		931.817 997.479 45043 1		6, 
1		1379.48 1547.14 51279 2		223, 223		3690.35 3847.7 258952 2		142, 142		3949.43 4022.93 244798 2		7, 
1		231.017 353.52 51306 2		344, 344		366.8 576.98 111036 2		10, 
1		446.717 550.862 51323 2		378, 378		554.533 631.407 117178 2		391, 391		954.783 1184.57 119521 2		549, 549		1410.6 1509.37 146962 2		10, 
1		728.383 905.162 51396 2		629, 629		1223.32 1401.91 161046 2		536, 536		1421.3 1649 144660 2		12, 
1		242.983 577.757 51395 2		623, 623		740.05 843.452 160035 2		507, 507		847.817 1047.18 139604 2		13, 
1		1437.92 1703.57 51359 2		500, 500		3768.07 3851.08 307457 2		314, 314		4667.58 4812.32 274828 2		17, 
1		446.717 550.862 51323 2		378, 378		661.583 856.003 117236 2		564, 564		1068.6 1150 149549 2		18, 
1		586.417 784.15 51304 2		339, 339		1007.03 1073.46 30424 1		612, 612		1297.05 1520.49 157951 2		19, 
1		4046.72 4150.86 220328 2		378, 378		4205.78 4284 286090 2		49, 49		4297.97 4563.46 228606 2		19, 
1		523.033 656.207 51369 2		532, 532		784.8 972.946 143994 2		171, 171		1140.75 1315.12 80815 2		23, 
1		843.233 1053.73 51299 2		304, 304		1144.95 1234.9 167414 3		441, 441		1334.68 1571.96 36922 1		28, 
1		874.533 1090.84 51394 2		615, 615		1179.88 1240.69 48453 1		30, 
1		728.383 905.162 51396 2		629, 629		956.433 1140.02 160975 2		266, 266		1147.58 1265.52 97570 2		402, 402		1280.72 1597.06 121368 2		32, 
1		785.033 995.359 51241 2		80, 80		1200.03 1250.81 65111 2		374, 374		1291.23 1738.31 116406 2		38, 
1		586.417 784.15 51304 2		339, 339		925.1 1033 30419 1		599, 599		1059.93 1152.73 155640 2		39, 39		1155.87 1504.63 57866 2		40, 
1		874.533 1090.84 51394 2		615, 615		1213.62 1407.46 48525 1		531, 531		1425.27 1727.99 143798 2		40, 
1		874.533 1090.84 51394 2		615, 615		1289.87 1664.21 158494 2		44, 
1		820.367 1034.76 51326 2		392, 392		1298.18 1439.92 119724 2		631, 631		3773.48 3924.45 330270 2		50, 
1		990.767 1144.93 51275 2		211, 211		1387.55 1514 87944 2		465, 465		4059.15 4243.67 301421 2		52, 
1		520.183 1003.56 51307 2		347, 347		1228.93 1279.44 31089 1		53, 
1		216.233 374.798 51270 2		183, 183		422.467 563.184 82970 2		583, 583		642.083 856.801 152906 2		230, 230		874.8 1071.74 91134 2		57, 
1		728.383 905.162 51396 2		629, 629		1273.65 1391.9 161059 2		601, 601		1434.92 1477.58 47463 1		60, 
1		1022 1244.43 51235 2		61, 
1		446.717 550.862 51323 2		378, 378		560.983 689.414 117235 2		564, 564		728.767 1122.15 149559 2		62, 
1		446.717 550.862 51323 2		378, 378		560.983 689.414 117235 2		564, 564		728.767 1122.15 149559 2		62, 
1		136.967 260.303 51319 2		372, 372		595.617 799.022 116032 2		68, 
1		648.2 864.266 51370 2		533, 533		976.383 1094.11 144134 2		68, 
1		3816.23 3974.8 220275 2		183, 183		4022.47 4163.18 251975 2		583, 583		4170.43 4237.5 321909 2		228, 228		4498.93 4600.38 259809 2		69, 
1		3763.48 3888.06 220264 2		148, 148		4525.68 4608.81 245867 2		70, 
1		231.017 353.52 51306 2		344, 344		491.183 631.161 167602 3		328, 328		1051.85 1136.76 108283 2		72, 
1		1379.48 1547.14 51279 2		223, 223		3847.02 3975.1 259008 2		362, 362		4095.27 4199.83 283280 2		73, 
1		548.683 698.486 51386 2		591, 591		710.167 857.537 154301 2		75, 
1		1409.6 1704.4 51277 2		214, 214		3904.58 4090.58 257500 2		488, 488		4201.38 4381.91 305302 2		76, 
1		548.683 698.486 51386 2		591, 591		749.567 850.893 154366 2		262, 262		881.35 975.43 96724 2		79, 
1		728.383 905.162 51396 2		629, 629		996.467 1147.6 49507 1		605, 605		1204.98 1362.7 156683 2		79, 
1		136.967 260.303 51319 2		372, 372		389.933 559.601 116045 2		104, 104		673.35 784.677 69235 2		81, 
1		1023.57 1248.7 51242 2		80, 80		1354.87 1709.35 65035 2		81, 
1		523.033 656.207 51369 2		532, 532		784.8 972.946 143994 2		171, 171		1257.32 1435.16 80828 2		83, 
1		3716.13 3875.57 220370 2		515, 515		3901.1 3985.87 310042 2		84, 
1		3716.13 3875.57 220370 2		515, 515		3901.1 3985.87 310042 2		84, 
1		3716.13 3875.57 220370 2		515, 515		3901.1 3985.87 310042 2		84, 
1		1050 1252.24 51276 2		211, 211		3630.63 3801.58 256833 2		87, 
1		728.383 905.162 51396 2		629, 629		1084.02 1316.79 49423 1		91, 
1		849.483 1171.07 51308 2		348, 348		1192.07 1279.26 111761 2		41, 41		1366.28 1450.75 58220 2		92, 
1		843.233 1053.73 51299 2		304, 304		1079.4 1204.78 28612 1		540, 540		1250.9 1327.41 43008 1		264, 264		1399.97 1453.12 25825 1		93, 
1		3816.23 3974.8 220275 2		183, 183		3988.45 4097.76 251875 2		216, 216		4169.13 4325.67 257756 2		94, 
1		3816.23 3974.8 220275 2		183, 183		3988.45 4097.76 251875 2		216, 216		4169.13 4325.67 257756 2		94, 
1		4046.72 4150.86 220328 2		378, 378		4154.53 4231.41 286183 2		391, 391		4249.65 4356.82 288540 2		601, 601		4510.75 4709.23 325003 2		96, 
1		773.817 1022.49 51289 2		253, 253		1154.88 1260.66 95164 2		152, 152		1274.93 1467.69 77554 2		100, 
1		3831.02 3953.52 220311 2		344, 344		4429.15 4617.43 280162 2		436, 436		4758.85 4939.08 296324 2		100, 
1		586.417 784.15 51304 2		339, 339		1260.35 1436.4 110181 2		101, 
1		3736.97 3860.3 220324 2		372, 372		3989.93 4159.6 285050 2		104, 
1		874.533 1090.84 51394 2		615, 615		1151.78 1379.56 158589 2		390, 390		1384.57 1619.97 119224 2		105, 
1		3763.48 3888.06 220264 2		148, 148		3932.33 4028.2 245877 2		107, 
1		548.683 698.486 51386 2		591, 591		749.567 850.893 154366 2		262, 262		1151.68 1245.36 96735 2		109, 
1		1379.48 1547.14 51279 2		223, 223		3745.07 4077.1 259004 2		348, 348		4112.1 4211.42 280832 2		316, 316		4465.52 4560.77 275240 2		109, 
1		667.167 962.717 51295 2		279, 279		1037.02 1167.89 27107 1		592, 592		1377.73 1554.55 154482 2		112, 
1		446.717 550.862 51323 2		378, 378		735.017 882.757 117103 2		114, 
1		4046.72 4150.86 220328 2		378, 378		4335.02 4482.76 286108 2		114, 
1		728.383 905.162 51396 2		629, 629		1062.3 1231.16 49472 1		395, 395		1356.27 1539.81 120138 2		121, 
1		843.233 1053.73 51299 2		304, 304		1128.22 1232.91 28630 1		642, 642		1250 1395.51 50208 1		297, 297		1414.78 1623.72 102883 2		121, 
1		728.383 905.162 51396 2		629, 629		981.783 1108.5 160901 2		3, 3		1330.8 1766.56 51590 2		122, 
1		3831.02 3953.52 220311 2		344, 344		4019.4 4365.8 280072 2		123, 
1		1004.47 1331.07 51257 2		138, 138		1391.18 1650.08 75111 2		127, 
1		3816.23 3974.8 220275 2		183, 183		4155.22 4212.46 251829 2		78, 78		4689.65 4910.77 233724 2		128, 
1		728.383 905.162 51396 2		629, 629		927.9 1032.41 160919 2		80, 80		1330.7 1380.65 14128 1		130, 
1		1379.48 1547.14 51279 2		223, 223		4481.42 4651.4 259084 2		652, 652		4664.75 4786.29 334072 2		137, 
1		1379.48 1547.14 51279 2		223, 223		3847.02 3975.1 259008 2		362, 362		4298.72 4622.32 336684 3		144, 
1		843.233 1053.73 51299 2		304, 304		1144.95 1234.9 167414 3		441, 441		1243.08 1485.21 6394 0		147, 
1		1050 1252.24 51276 2		211, 211		1366 1513.07 87845 2		147, 
1		1034.58 1244.28 51363 2		513, 513		1246.33 1315.8 41638 1		246, 246		1360.27 1549.25 93915 2		148, 
1		3763.48 3888.06 220264 2		148, 
1		1035.62 1240.85 51374 2		542, 542		1389.02 1719.2 145766 2		149, 
1		849.483 1171.07 51308 2		348, 348		1209.77 1264.59 111833 2		353, 353		1390.57 1487.65 31597 1		150, 
1		1409.6 1704.4 51277 2		214, 214		3710.5 3827.56 257478 2		408, 408		3862.45 3989.8 291423 2		151, 
1		1230.1 1635.46 51262 2		152, 
1		990.767 1144.93 51275 2		211, 211		1387.55 1514 87944 2		465, 465		4245.77 4430.09 301451 2		154, 
1		3736.97 3860.3 220324 2		372, 372		4627.5 4769.55 285068 2		155, 
1		728.383 905.162 51396 2		629, 629		1273.65 1391.9 161059 2		601, 601		1421.87 1521.78 47474 1		156, 
1		3816.23 3974.8 220275 2		183, 183		4025.43 4096.07 251929 2		413, 413		4519.22 4748.24 292229 2		159, 
1		728.383 905.162 51396 2		629, 629		1143.53 1284.51 49430 1		151, 151		1312.45 1542.17 77393 2		160, 
1		136.967 260.303 51319 2		372, 372		707.85 957.65 116066 2		161, 
1		1324.62 1556.08 51268 2		164, 
1		4148.68 4298.49 220391 2		591, 591		4767.15 4909.42 323336 2		164, 
1		849.483 1171.07 51308 2		348, 348		1209.77 1264.59 111833 2		353, 353		1299.63 1760.95 112704 2		165, 
1		1050 1252.24 51276 2		211, 211		1438.93 1878.6 87851 2		167, 
1		1379.48 1547.14 51279 2		223, 223		3690.35 3847.7 258952 2		142, 142		3949.43 4022.93 244798 2		7, 7		4394.83 4555.01 221306 2		167, 
1		874.533 1090.84 51394 2		615, 615		1120.58 1332.4 158513 2		122, 122		1395.83 1571.97 72434 2		169, 
1		216.233 374.798 51270 2		183, 183		401.917 620.357 82935 2		442, 442		706.817 914.252 128407 2		170, 
1		667.167 962.717 51295 2		279, 279		984.117 1271.88 99923 2		568, 568		1365.55 1496.68 168443 3		170, 
1		523.033 656.207 51369 2		532, 532		784.8 972.946 143994 2		171, 
1		874.533 1090.84 51394 2		615, 615		1105.03 1209.83 48543 1		601, 601		1260.95 1355 156108 2		515, 515		1405.4 1591.22 141061 2		171, 
1		4046.72 4150.86 220328 2		378, 378		4205.78 4284 286090 2		49, 49		4635.02 4860.25 228648 2		172, 
1		4046.72 4150.86 220328 2		378, 378		4205.78 4284 286090 2		49, 49		4635.02 4860.25 228648 2		172, 
1		3673.97 4322.28 220404 2		652, 652		4629.33 4704.2 334204 2		593, 593		4783.03 4945.25 323814 2		636, 636		4984.73 5192.63 331178 2		174, 
1		1147.85 1287.22 51269 2		175, 
1		741.383 870.984 51332 2		405, 405		969.05 1193.8 121911 2		176, 
