1508.91
2815.52
883.995
2864.06
384.63
915.548
930.194
1044.94
4000.26
1033.05
1017.55
3586.91
795.666
845.951
617.704
1212.88
960.894
1185.99
902.873
928.513
3279.73
3354.1
812.791
864.444
921.789
487.247
939.332
756.632
766.631
496.329
3419.36
3320.8
911.574
2986.83
584.27
3261.46
759.064
654.452
767.477
692.163
1332.36
2943.8
2716.12
2616.7
2790.71
756.524
726.849
674.785
3112.86
2995.61
3672.95
869.023
3566.78
868.232
3024.18
818.283
2654.67
743.194
3398.37
967.499
816.557
3496.99
1068.62
629.741
750.254
3224.77
879.248
3766.72
1113.29
3632.29
3585.97
672.185
575.002
2942.71
2536.69
788.472
758.257
3847.05
558.824
3568.91
3424
951.657
3731.34
1225.53
841.033
628.359
3817.86
510.377
484.833
3187.18
794.19
806.369
1065.06
463.43
834.265
3756.24
3420.35
3405.65
870.191
554.146
