0.675381
1.04826
0.43015
1.01218
2.96211
0.845313
0.637584
0.648845
0.460863
0.898638
0.783813
0.47558
0.28544
1.21295
1.8708
1.54057
1.27327
0.762206
0.762206
0.959688
1.29284
0.499449
1.39378
0.831496
0.3943
0.329206
0.825451
0.825451
0.61944
1.57117
0.885252
1.26145
1.13211
0.667736
0.539437
0.820916
0.97722
0.385722
1.1365
1.73341
0.811035
0.853194
0.853194
0.853194
1.27859
1.05298
0.997944
0.8625
0.485893
0.485893
0.681392
1.03182
1.32543
1.53379
0.801339
1.40761
0.796662
0.854351
0.918791
0.57823
0.854726
1.58236
1.08018
2.34323
1.86782
1.10924
0.929626
0.837565
0.93313
0.565675
1.72545
0.950351
0.950351
0.222107
0.222107
1.23718
1.02361
0.587335
1.10862
0.55922
1.42931
1.53492
0.874992
1.12515
1.01682
0.597149
0.597149
0.517521
2.31648
0.490964
1.65054
1.22633
0.856632
0.643954
0.643954
2.31388
1.01233
1.67115
2.49683
1.05191
