0.675381
1.04826
0.43015
1.01218
0.702014
0.845313
0.637584
0.648845
0.460863
0.898638
0.783813
0.47558
0.28544
1.21295
0.51563
0.692551
1.27327
0.762206
0.762206
0.959688
1.29284
0.499449
0.869645
0.831496
0.3943
0.329206
0.478652
0.825451
0.61944
1.57117
0.727999
1.26145
1.13211
0.328325
0.539437
0.820916
0.385722
0.385722
1.1365
1.73341
0.811035
0.307582
0.853194
0.853194
1.27859
1.05298
0.997944
0.8625
0.485893
0.485893
0.681392
1.03182
1.32543
1.53379
0.801339
1.09383
0.796662
0.854351
0.918791
0.57823
0.854726
0.689143
0.765723
0.805527
0.982239
1.10924
0.929626
0.837565
0.93313
0.565675
0.544764
0.950351
0.950351
0.222107
0.222107
1.23718
1.02361
0.587335
1.10862
0.55922
1.42931
1.53492
0.874992
1.12515
0.777924
0.597149
0.597149
0.421829
0.490964
0.490964
1.65054
1.22633
0.856632
0.643954
0.643954
1.01233
1.01233
1.67115
2.49683
1.05191
