1735.03
1026.8
2522.65
1109.64
1183.56
1389.14
1951.06
1044.94
1840.26
1033.05
2320.22
1426.91
1734.61
2203.25
2257.93
2232.66
1790.75
1231.23
876.335
1790.51
2051.48
1194.1
1903.87
2786.44
1908.74
1912.69
2518.78
2336.08
766.631
1301.37
1259.36
1073.94
2351.57
1397.78
1881.25
1101.46
1827.3
1956.06
1920.36
1823.19
1971.09
1483.88
1256.19
1156.78
1567.19
2264.72
1008.44
1855.4
952.856
835.606
1512.95
1883.18
1406.78
2062.39
864.185
2016.85
494.667
2183.19
1522.96
1455.9
1621.9
1856.33
1652.36
2283.67
2392.22
1464.35
1864.11
1606.72
3029.92
1574.7
1479.81
672.185
575.002
782.71
376.693
1902.69
1453.49
1687.05
558.824
1408.91
1264
2097.26
1571.34
2404.16
1853.75
628.359
1411.21
2260.85
1520.37
1652.83
1609.19
2475.14
2151.41
463.43
2186.99
1596.24
1260.35
1188.09
2349.65
2096.98
