1232.09
655.521
1279.05
1109.64
384.63
1028.53
1108.73
873.517
1062.27
1033.05
951.927
891.333
795.666
1160.23
617.704
984.74
1113.27
1177.91
876.335
1186.65
1014.73
1194.1
1168.62
864.444
921.789
487.247
939.332
756.632
697.839
496.329
1216.75
562.592
911.574
826.828
584.27
1101.46
759.064
981.518
767.477
1028.91
1332.36
721.712
444.925
456.699
630.709
874.438
895.392
830.219
915.868
798.618
825.344
1167.59
1013.89
868.232
864.185
1265.85
494.667
743.194
1238.37
1427.34
816.557
728.526
1140.37
1221.2
750.254
1064.77
879.248
1525.19
1357.98
1020.03
732.86
644.325
575.002
782.71
376.693
991.824
1089.96
1471.27
558.824
1408.91
794.64
753.521
1571.34
1225.53
841.033
628.359
1281.84
1179.89
484.833
1142.05
794.19
806.369
935.692
463.43
983.196
764.512
981.957
1245.65
960.729
554.146
