1232.09
655.521
1253.67
1109.64
384.63
1075.32
1084.97
873.517
642.004
1033.05
1002.64
1007.21
795.666
1352.27
617.704
1009.56
1113.27
1231.23
876.335
1186.65
1014.73
1194.1
792.335
914.718
921.789
487.247
939.332
756.632
697.839
496.329
1259.36
562.592
911.574
826.828
584.27
1101.46
759.064
964.311
767.477
711.151
1332.36
721.712
444.925
456.699
630.709
1369.92
1008.44
1109.26
952.856
835.606
825.344
869.023
1013.89
868.232
864.185
1216.28
494.667
743.194
1238.37
1455.9
816.557
728.526
1140.37
1014.59
750.254
1064.77
879.248
1472.28
1357.98
1020.03
732.86
672.185
575.002
782.71
376.693
991.824
1265.14
1471.27
558.824
1408.91
927.53
878.943
1571.34
1240.5
841.033
628.359
1281.84
1136.67
484.833
1142.05
794.19
806.369
1065.06
463.43
929.449
1414.19
1078.3
1245.65
960.729
554.146
