1782.02
655.521
1253.67
1109.64
384.63
1075.32
1166.53
1044.94
642.004
1033.05
1188.64
1007.21
795.666
1160.23
617.704
984.74
1113.27
1231.23
876.335
1186.65
1070.81
1194.1
912.074
864.444
921.789
487.247
939.332
756.632
766.631
496.329
1259.36
562.592
911.574
826.828
584.27
1101.46
759.064
1387.98
767.477
711.151
1332.36
783.799
556.116
456.699
630.709
874.438
1008.44
1109.26
952.856
835.606
838.86
869.023
1013.89
868.232
864.185
1265.85
494.667
743.194
1238.37
1455.9
816.557
728.526
1140.37
556.216
750.254
1064.77
879.248
1216.83
1513.63
1472.29
732.86
672.185
575.002
782.71
376.693
991.824
1453.49
1687.05
558.824
1408.91
794.64
932.835
1571.34
1304.77
841.033
628.359
1657.86
510.377
484.833
1142.05
675.01
806.369
1065.06
463.43
929.449
986.048
981.957
803.123
562.822
554.146
