1.07576
1.04826
1.0226
1.01218
2.96211
1.27913
2.66107
1.51784
1.9116
0.898638
2.26345
0.918284
0.946035
1.60052
1.8708
1.54057
1.27327
0.762206
0.762206
0.959688
1.29284
0.499449
1.49745
2.16982
1.16868
1.37301
0.825451
0.825451
0.61944
1.57117
0.885252
1.26145
1.13211
0.667736
0.539437
0.820916
0.97722
5.59052
1.1365
1.98262
0.811035
0.853194
0.853194
0.853194
1.27859
1.05298
0.997944
1.59015
0.485893
0.485893
1.4882
1.57364
1.32543
1.53379
0.801339
4.47832
0.796662
0.854351
0.918791
0.57823
0.854726
1.58236
1.43064
2.36975
1.86782
1.10924
0.929626
1.32982
0.93313
1.40717
1.72545
0.950351
0.950351
0.222107
0.222107
2.03309
1.02361
1.15719
1.10862
0.55922
1.42931
1.53492
0.874992
1.44535
1.01682
0.597149
1.08976
2.52296
2.31648
0.98139
1.65054
1.22633
1.8428
0.643954
1.97095
2.31388
1.01233
1.67115
1.52377
1.05191
