1508.91
655.521
1253.67
1109.64
384.63
915.548
1084.97
873.517
642.004
1033.05
951.927
1007.21
795.666
1160.23
617.704
984.74
1113.27
1231.23
876.335
1186.65
1070.81
1194.1
1168.62
914.718
921.789
487.247
939.332
756.632
766.631
496.329
1259.36
562.592
911.574
826.828
584.27
1101.46
759.064
654.452
767.477
1028.91
1332.36
783.799
556.116
456.699
630.709
1369.92
1008.44
830.219
952.856
835.606
825.344
869.023
1013.89
868.232
864.185
818.283
494.667
743.194
1238.37
1455.9
816.557
728.526
1068.62
1014.59
750.254
1064.77
879.248
1216.83
1513.63
1020.03
732.86
672.185
575.002
782.71
376.693
991.824
1453.49
1471.27
558.824
1408.91
794.64
932.835
1571.34
1240.5
841.033
628.359
1281.84
510.377
484.833
1142.05
675.01
806.369
935.692
463.43
929.449
764.512
1260.35
803.123
1216.17
554.146
