1.85502
1.04826
1.11067
1.01218
2.96211
1.48073
1.24333
1.51784
1.81393
0.898638
2.26345
1.86988
0.946035
1.60052
1.8708
1.54057
1.27327
1.93413
0.762206
0.959688
2.12917
1.29536
1.49745
1.45295
1.16868
1.37301
0.825451
0.825451
1.04527
1.57117
1.2933
1.26145
1.13211
0.667736
0.539437
0.820916
0.97722
2.56885
1.1365
1.98262
0.811035
1.42654
3.00345
0.853194
1.27859
2.44208
2.39535
1.59015
1.04495
1.04495
1.4882
1.855
1.32543
1.53379
0.801339
1.40761
0.796662
0.854351
0.918791
1.02094
0.854726
1.58236
1.08018
1.45186
1.86782
1.10924
0.929626
1.39109
1.95732
1.40717
1.72545
3.20437
1.74626
0.222107
0.222107
1.23718
2.22578
1.15719
1.10862
1.35513
1.42931
3.00151
0.874992
2.09726
1.01682
0.597149
1.08976
1.76141
2.31648
0.98139
2.47137
1.22633
1.8428
0.643954
1.37787
2.31388
1.47751
1.29713
2.20966
1.05191
