1		548.683 698.486 2		591, 591		710.167 857.537 2		75, 75		1725.77 1832.57 2		5, 
1		1359.97 1457.75 2		590, 590		1737.63 1822.19 2		5, 
1		216.233 374.798 2		183, 183		666.867 806.875 2		651, 651		1198.05 1407.63 2		227, 227		2432.08 2636.13 2		6, 
1		1324.62 1556.08 2		164, 164		1992.8 2268.51 2		7, 
1		216.233 374.798 2		183, 183		422.467 563.184 2		583, 583		835.017 1139.68 2		567, 567		1249.9 1375.91 2		10, 
1		1091.7 1245.55 2		353, 353		1587.87 1823.19 2		10, 
1		990.767 1144.93 2		211, 211		1470.63 1641.58 2		87, 87		2317.1 2515.1 2		12, 
1		163.483 288.06 2		148, 148		626.633 797.05 2		325, 325		903.283 1073.24 2		13, 
1		2397.05 2568.24 2		434, 434		2809.37 3037.97 2		17, 
1		446.717 550.862 2		378, 378		661.583 856.003 2		564, 564		1068.6 1150 2		18, 
1		1886.72 1990.86 2		378, 378		2608.48 2823.16 2		19, 
1		1886.72 1990.86 2		378, 378		2608.48 2823.16 2		19, 
1		1379.48 1547.14 2		223, 223		2169.25 2254.06 2		23, 
1		990.767 1144.93 2		211, 211		1866.9 2236.01 2		28, 
1		990.767 1144.93 2		211, 211		1469.47 1738.81 2		544, 544		2819.02 2880.91 2		30, 
1		820.367 1034.76 2		392, 392		2404.03 2616.84 2		32, 
1		957.05 1128.24 2		434, 434		1394.35 1556.45 2		158, 158		2323.18 2568.17 2		38, 
1		1359.97 1457.75 2		590, 590		1494.02 1701.45 2		40, 
1		1359.97 1457.75 2		590, 590		1494.02 1701.45 2		40, 
1		957.05 1128.24 2		434, 434		1467.08 1583.74 2		270, 270		1828.65 1922.35 2		44, 
1		741.383 870.984 2		405, 405		1061.02 1139.88 2		626, 626		2346.58 2474.6 2		35, 35		2477.68 2745.11 2		50, 
1		990.767 1144.93 2		211, 211		1387.55 1514 2		465, 465		1899.15 2083.67 2		52, 
1		957.05 1128.24 2		434, 434		1658.77 1821.88 2		408, 408		2163.77 2390.97 2		53, 
1		446.717 550.862 2		378, 378		554.533 631.407 2		391, 391		1215.2 1335.88 2		529, 529		1383.82 1553.74 2		57, 
1		1379.48 1547.14 2		223, 223		2294 2365.51 2		60, 
1		1029.4 1235.26 2		547, 547		1812.07 1981.85 2		61, 
1		231.017 353.52 2		344, 344		741.333 932.186 2		74, 74		1130.25 1261.6 2		62, 
1		446.717 550.862 2		378, 378		560.983 689.414 2		564, 564		728.767 1122.15 2		62, 
1		216.233 374.798 2		183, 183		388.45 497.763 2		216, 216		633.133 867.814 2		68, 
1		1656.23 1814.8 2		183, 183		1828.45 1937.76 2		216, 216		2073.13 2307.81 2		68, 
1		1656.23 1814.8 2		183, 183		1862.47 2003.18 2		583, 583		2010.43 2077.5 2		228, 228		2338.93 2440.38 2		69, 
1		1963.03 2096.21 2		532, 532		2271.25 2421.1 2		625, 625		2473.97 2575.69 2		70, 
1		231.017 353.52 2		344, 344		491.183 631.161 3		328, 328		1051.85 1136.76 2		72, 
1		1379.48 1547.14 2		223, 223		2321.42 2491.4 2		652, 652		2821.45 3043.23 2		73, 
1		548.683 698.486 2		591, 591		710.167 857.537 2		75, 
1		1409.6 1704.4 2		214, 214		1744.58 1930.58 2		488, 488		2041.38 2221.91 2		76, 
1		548.683 698.486 2		591, 591		749.567 850.893 2		262, 262		881.35 975.43 2		79, 
1		990.767 1144.93 2		211, 211		1973.9 2096.23 2		79, 
1		136.967 260.303 2		372, 372		389.933 559.601 2		104, 104		673.35 784.677 2		81, 
1		1409.6 1704.4 2		214, 214		2319.5 2460.92 2		463, 463		2690.47 2840.38 2		81, 
1		523.033 656.207 2		532, 532		784.8 972.946 2		171, 171		1257.32 1435.16 2		83, 
1		1556.13 1715.57 2		515, 515		1741.1 1825.87 2		84, 
1		1556.13 1715.57 2		515, 515		1741.1 1825.87 2		84, 
1		1556.13 1715.57 2		515, 515		1741.1 1825.87 2		84, 
1		1050 1252.24 2		211, 211		1470.63 1641.58 2		87, 
1		1409.6 1704.4 2		214, 214		2687.7 2824.99 2		91, 
1		859.383 1329.12 2		39, 39		1480.63 1732.34 2		92, 
1		1091.7 1245.55 2		353, 353		1339.12 1427.83 2		525, 525		1702.5 1887.6 2		93, 
1		1379.48 1547.14 2		223, 223		1686.55 1827.1 2		494, 494		1997.4 2202.66 2		94, 
1		1379.48 1547.14 2		223, 223		1686.55 1827.1 2		494, 494		1997.4 2202.66 2		94, 
1		1886.72 1990.86 2		378, 378		1994.53 2071.41 2		391, 391		2089.65 2196.82 2		601, 601		2350.75 2549.23 2		96, 
1		1091.7 1245.55 2		353, 353		1761.17 1898.03 2		597, 597		2322.9 2481.84 2		100, 
1		1671.02 1793.52 2		344, 344		2269.15 2457.43 2		436, 436		2598.85 2779.08 2		100, 
1		1886.72 1990.86 2		378, 378		2212.02 2351.21 2		452, 452		2453.87 2630.56 2		101, 
1		1576.97 1700.3 2		372, 372		1829.93 1999.6 2		104, 
1		1886.72 1990.86 2		378, 378		2212.02 2351.21 2		452, 452		2435.73 2606.41 2		54, 54		2630.5 2818.54 2		105, 
1		1603.48 1728.06 2		148, 148		1772.33 1868.2 2		107, 
1		548.683 698.486 2		591, 591		749.567 850.893 2		262, 262		1151.68 1245.36 2		109, 
1		1988.68 2138.49 2		591, 591		2189.57 2290.89 2		262, 262		2591.68 2685.36 2		109, 
1		1379.48 1547.14 2		223, 223		1813.82 2042.95 2		112, 
1		446.717 550.862 2		378, 378		735.017 882.757 2		114, 
1		1379.48 1547.14 2		223, 223		2125.15 2286.78 2		231, 231		2346.83 2549.21 2		114, 
1		1656.23 1814.8 2		183, 183		1862.47 2003.18 2		583, 583		2878.65 3022.84 2		121, 
1		1656.23 1814.8 2		183, 183		1862.47 2003.18 2		583, 583		2878.65 3022.84 2		121, 
1		990.767 1144.93 2		211, 211		1352.4 1560.11 2		591, 591		1992.6 2180.94 2		551, 551		2776.93 2974.37 2		122, 
1		1671.02 1793.52 2		344, 344		2264.53 2605.38 2		123, 
1		1988.68 2138.49 2		591, 591		2431.12 2634.94 2		127, 
1		1656.23 1814.8 2		183, 183		1995.22 2052.46 2		78, 78		2529.65 2750.77 2		128, 
1		1379.48 1547.14 2		223, 223		2276.48 2496.74 2		130, 
1		1603.48 1728.06 2		148, 148		2066.63 2237.05 2		325, 325		2673.63 2863.8 2		137, 
1		1656.23 1814.8 2		183, 183		2411.85 2516.16 3		144, 
1		990.767 1144.93 2		211, 211		1366 1513.07 2		147, 
1		990.767 1144.93 2		211, 211		1366 1513.07 2		147, 
1		1603.48 1728.06 2		148, 
1		1603.48 1728.06 2		148, 
1		1603.48 1728.06 2		148, 148		1731.18 1889.89 2		439, 439		2098.7 2253.49 2		568, 568		2618.07 2833.42 2		149, 
1		1091.7 1245.55 2		353, 353		1587.87 1823.19 2		10, 10		2115.8 2213.39 2		150, 
1		1656.23 1814.8 2		183, 183		1862.47 2003.18 2		583, 583		2645.7 2794.43 2		151, 
1		1230.1 1635.46 2		152, 
1		990.767 1144.93 2		211, 211		1387.55 1514 2		465, 465		2513.92 2605.42 2		154, 
1		1576.97 1700.3 2		372, 372		2467.5 2609.55 2		155, 
1		667.167 962.717 2		279, 279		2309.62 2459.44 2		324, 324		2615.05 2740.09 2		156, 
1		1656.23 1814.8 2		183, 183		1865.43 1936.07 2		413, 413		2359.22 2588.24 2		159, 
1		523.033 656.207 2		532, 532		1434.63 1614.88 2		78, 78		1875.03 2074.37 2		160, 
1		216.233 374.798 2		183, 183		388.45 497.763 2		216, 216		633.133 867.814 2		68, 68		1108.55 1326.2 2		161, 
1		1324.62 1556.08 2		164, 
1		2764.62 2996.08 2		164, 
1		1603.48 1728.06 2		148, 148		2784.95 2875.66 2		165, 
1		1091.7 1245.55 2		353, 353		1834.45 1944.8 2		229, 229		2187.4 2359.12 2		167, 
1		1886.72 1990.86 2		378, 378		1994.53 2071.41 2		391, 391		2857.87 3020.67 2		167, 
1		990.767 1144.93 2		211, 211		1978.92 2386.97 2		169, 
1		163.483 288.06 2		148, 148		580.4 733.445 2		270, 270		1166.53 1455.81 2		170, 
1		523.033 656.207 2		532, 532		682.783 799.737 2		140, 140		1573.5 1669.24 2		170, 
1		523.033 656.207 2		532, 532		784.8 972.946 2		171, 
1		1963.03 2096.21 2		532, 532		2224.8 2412.95 2		171, 
1		1886.72 1990.86 2		378, 378		2045.78 2124 2		49, 49		2475.02 2700.25 2		172, 
1		1886.72 1990.86 2		378, 378		2045.78 2124 2		49, 49		2475.02 2700.25 2		172, 
1		1864.77 2143.77 2		380, 380		2405.65 2527.36 2		174, 
1		1379.48 1547.14 2		223, 223		2833.8 3074.05 2		175, 
1		741.383 870.984 2		405, 405		969.05 1193.8 2		176, 
