248 850
197 840
444 826
346 824
315 808
196 806
591 806
553 800
601 796
599 794
266 794
391 792
170 788
220 786
344 786
124 784
105 784
270 784
398 782
589 782
207 780
295 780
534 778
483 776
420 776
424 776
190 776
183 776
360 770
570 770
198 766
227 764
362 764
326 764
653 764
247 762
328 762
280 762
274 762
265 762
510 760
144 760
500 758
97 758
143 758
201 756
30 754
568 754
545 754
442 752
621 752
135 752
617 750
496 748
224 748
462 748
27 748
642 748
291 748
413 746
172 746
625 746
251 744
5 744
206 744
7 742
588 742
580 742
125 740
233 740
78 740
147 738
278 738
163 736
543 736
513 736
641 734
567 732
441 730
193 730
379 730
505 728
239 728
386 728
184 728
340 726
289 726
482 724
336 724
613 724
464 722
119 722
612 720
202 718
269 718
205 716
14 714
412 714
65 714
39 714
491 712
604 712
101 710
154 710
345 708
598 708
623 706
626 704
258 702
54 700
573 700
351 698
620 696
304 696
605 696
571 696
49 694
153 694
608 694
405 690
152 690
305 690
544 688
188 686
95 686
586 686
490 684
203 682
100 682
285 682
297 680
592 678
596 674
314 674
615 674
512 674
84 672
355 672
156 672
115 668
651 668
93 666
69 666
371 664
629 664
150 664
541 660
52 656
231 654
452 654
103 654
186 654
63 652
597 652
347 650
72 646
149 644
342 642
648 640
610 640
509 638
118 638
373 636
264 636
268 634
267 632
214 628
410 628
189 626
45 626
456 624
616 624
554 624
457 622
250 620
187 620
421 618
245 616
146 616
565 616
173 614
407 612
383 612
279 612
436 610
423 610
395 608
9 608
454 606
406 606
447 604
393 604
215 602
140 602
530 602
627 600
448 598
440 598
210 598
192 598
44 598
330 598
48 596
182 596
352 596
18 596
299 596
556 596
126 594
417 594
527 594
387 592
632 592
574 592
89 590
602 588
562 588
92 586
238 582
6 582
418 582
178 582
339 582
438 580
191 580
11 580
587 580
539 580
460 578
309 578
459 578
366 578
179 578
590 578
504 576
503 576
106 576
635 576
4 576
121 574
226 574
55 574
392 574
368 574
593 574
254 572
246 572
479 572
429 572
353 572
212 570
401 570
323 570
151 570
282 570
16 570
468 568
469 568
450 568
96 568
41 568
8 568
306 568
499 566
223 566
425 566
375 566
171 566
643 566
575 566
240 564
432 564
404 564
638 564
162 564
58 562
109 562
53 562
390 562
82 562
137 562
514 562
489 560
422 560
142 560
281 560
35 560
600 558
260 558
494 556
488 556
467 556
195 556
365 556
572 556
334 556
581 556
540 556
61 554
108 554
531 554
51 554
176 554
81 554
656 554
649 554
322 554
559 554
130 554
471 552
244 552
343 552
331 550
528 550
477 548
301 548
359 548
655 548
276 548
350 546
42 546
506 542
26 542
361 542
356 542
286 542
594 542
576 542
548 542
524 542
127 540
98 540
23 540
637 540
493 538
296 538
317 538
20 538
402 536
654 534
114 534
56 534
476 534
631 534
333 534
80 534
470 532
595 532
645 532
73 532
411 530
409 530
321 530
606 530
523 530
200 528
389 528
132 528
430 526
535 526
564 526
141 524
560 524
218 522
60 520
242 520
28 520
546 520
222 518
300 518
472 516
275 516
525 514
486 512
91 510
348 510
517 504
134 500
37 498
243 494
261 486
75 470
86 462
473 458
59 432
358 430
650 418
399 410
607 410
382 408
364 404
253 402
211 400
583 398
475 396
644 396
639 394
378 394
578 394
555 394
507 392
529 392
112 392
400 392
522 392
148 390
640 390
110 388
208 388
294 386
341 386
646 386
609 386
68 386
117 384
25 384
277 384
427 382
327 382
293 382
614 380
466 380
446 380
99 380
619 380
426 378
363 378
549 378
311 376
563 376
17 374
618 374
533 374
310 372
38 372
624 372
518 372
428 370
394 370
369 370
337 370
414 368
652 368
538 366
64 366
138 366
216 366
259 366
120 364
67 364
579 364
204 364
175 364
397 364
495 364
320 362
22 362
87 362
21 362
131 362
122 362
257 362
415 360
451 360
611 360
515 360
74 360
180 360
3 360
283 360
542 360
263 360
484 358
492 358
136 358
455 358
419 358
12 358
381 358
111 358
367 356
70 356
36 356
439 356
155 356
24 356
104 356
102 356
630 356
185 356
10 356
502 356
62 356
249 356
107 354
169 354
167 354
166 354
312 354
520 354
31 352
15 352
478 352
228 352
1 352
647 352
77 352
521 352
551 352
547 352
19 352
318 352
50 350
465 350
508 350
29 350
536 350
308 350
408 350
453 348
636 348
474 348
433 348
501 348
158 348
372 348
558 348
256 346
628 346
157 346
458 346
94 346
377 346
485 346
307 344
160 344
416 344
319 344
262 344
66 344
622 344
497 344
164 344
396 344
384 344
159 342
498 342
13 342
463 342
349 342
161 342
434 342
32 342
139 342
273 342
552 342
47 342
526 340
354 340
302 340
388 340
633 340
221 340
90 340
123 340
338 340
209 340
324 340
290 340
230 340
537 338
252 338
332 338
461 338
83 338
380 336
232 336
532 336
634 336
85 336
511 336
445 336
199 334
88 334
168 334
298 334
34 334
237 334
213 334
57 332
437 332
374 332
376 332
128 332
443 332
431 330
241 330
329 330
46 330
585 330
313 330
219 328
385 328
255 328
181 328
566 328
174 328
516 328
577 326
43 326
217 326
316 326
33 324
236 324
165 324
129 324
292 322
303 322
287 322
284 322
235 320
584 320
370 320
519 318
225 318
449 318
71 316
487 316
2 314
288 314
113 314
116 314
325 312
229 312
435 312
561 312
357 312
582 310
335 310
76 310
145 308
603 306
79 306
234 304
271 302
480 302
40 300
550 300
133 298
272 298
403 296
557 296
481 292
177 288
569 286
194 286
