655.931
2815.52
1253.67
2864.06
1317.02
1075.32
1119.64
1044.94
4000.26
1033.05
995.629
3586.91
795.666
1142.27
617.704
984.74
960.894
515.478
4283.64
523.806
4211.48
3354.1
912.074
1346.44
921.789
487.247
939.332
756.632
766.631
496.329
3652.72
3320.8
911.574
3990.23
584.27
3261.46
759.064
3547.98
767.477
692.163
1332.36
4055.8
3828.12
3728.7
3727.19
874.438
726.849
830.219
3112.86
2995.61
3672.95
869.023
3566.78
868.232
3024.18
520.044
2654.67
743.194
3398.37
867.167
816.557
3723.45
1140.37
556.216
750.254
3624.35
879.248
3766.72
1513.63
3632.29
4126.66
672.185
575.002
2942.71
2536.69
788.472
727.749
3847.05
558.824
3568.91
3424
793.703
3731.34
1304.77
1095.45
628.359
3817.86
1146.13
484.833
3812.83
675.01
806.369
1065.06
463.43
767.118
3756.24
3420.35
3348.09
562.822
554.146
