1		548.683 698.486 51386 2		591, 591		710.167 857.537 154301 2		75, 75		3885.77 3992.57 233202 2		5, 
1		1437.92 1703.57 51359 2		500, 500		4183.32 4353.46 307366 2		5, 
1		216.233 374.798 51270 2		183, 183		666.867 806.875 82989 2		651, 651		1198.05 1407.63 164915 2		227, 227		4592.08 4796.13 259608 2		6, 
1		1379.48 1547.14 51279 2		223, 223		3690.35 3847.7 258952 2		142, 142		3949.43 4022.93 244798 2		7, 
1		216.233 374.798 51270 2		183, 183		422.467 563.184 82970 2		583, 583		835.017 1139.68 153007 2		567, 567		1249.9 1375.91 150026 2		10, 
1		1091.7 1245.55 51309 2		353, 353		3747.87 3983.19 281657 2		10, 
1		990.767 1144.93 51275 2		211, 211		3630.63 3801.58 256833 2		87, 87		4477.1 4675.1 235183 2		12, 
1		163.483 288.06 51259 2		148, 148		626.633 797.05 76932 2		325, 325		903.283 1073.24 107720 2		13, 
1		4557.05 4728.24 220344 2		434, 434		4969.37 5197.97 295975 2		17, 
1		446.717 550.862 51323 2		378, 378		661.583 856.003 117236 2		564, 564		1068.6 1150 149549 2		18, 
1		4046.72 4150.86 220328 2		378, 378		4768.48 4983.16 286079 2		19, 
1		4046.72 4150.86 220328 2		378, 378		4768.48 4983.16 286079 2		19, 
1		1379.48 1547.14 51279 2		223, 223		4329.25 4414.06 258923 2		23, 
1		667.167 962.717 51295 2		279, 279		3989.28 4142.38 268811 2		92, 92		4874.58 5014.5 236042 2		28, 
1		1409.6 1704.4 51277 2		214, 214		3855.78 4062.28 257399 2		166, 166		4758.87 4888.54 249092 2		544, 544		4979.02 5040.91 315088 2		30, 
1		820.367 1034.76 51326 2		392, 392		4564.03 4776.84 288568 2		32, 
1		957.05 1128.24 51339 2		434, 434		1394.35 1556.45 127006 2		158, 158		4483.18 4728.17 247570 2		38, 
1		1359.97 1457.75 51385 2		590, 590		3654.02 3861.45 323117 2		40, 
1		1359.97 1457.75 51385 2		590, 590		3654.02 3861.45 323117 2		40, 
1		3816.23 3974.8 220275 2		183, 183		4266.87 4406.87 251994 2		651, 651		4477.33 4686.21 333880 2		44, 
1		741.383 870.984 51332 2		405, 405		1061.02 1139.88 122029 2		626, 626		4506.58 4634.6 329438 2		35, 35		4637.68 4905.11 226165 2		50, 
1		990.767 1144.93 51275 2		211, 211		1387.55 1514 87944 2		465, 465		4059.15 4243.67 301421 2		52, 
1		957.05 1128.24 51339 2		434, 434		3818.77 3981.88 296076 2		408, 408		4323.77 4550.97 291393 2		53, 
1		446.717 550.862 51323 2		378, 378		554.533 631.407 117178 2		391, 391		1215.2 1335.88 119514 2		529, 529		1383.82 1553.74 143438 2		57, 
1		1379.48 1547.14 51279 2		223, 223		4454 4525.51 258937 2		60, 
1		3763.48 3888.06 220264 2		148, 148		4226.63 4397.05 245937 2		325, 325		4605.83 4829.87 276733 2		61, 
1		231.017 353.52 51306 2		344, 344		741.333 932.186 111055 2		74, 74		1130.25 1261.6 64040 2		62, 
1		446.717 550.862 51323 2		378, 378		560.983 689.414 117235 2		564, 564		728.767 1122.15 149559 2		62, 
1		216.233 374.798 51270 2		183, 183		388.45 497.763 82870 2		216, 216		633.133 867.814 88743 2		68, 
1		3816.23 3974.8 220275 2		183, 183		3988.45 4097.76 251875 2		216, 216		4233.13 4467.81 257748 2		68, 
1		3816.23 3974.8 220275 2		183, 183		4022.47 4163.18 251975 2		583, 583		4170.43 4237.5 321909 2		228, 228		4498.93 4600.38 259809 2		69, 
1		3816.23 3974.8 220275 2		183, 183		4022.47 4163.18 251975 2		583, 583		4287.4 4648.83 321864 2		70, 
1		231.017 353.52 51306 2		344, 344		491.183 631.161 167602 3		328, 328		1051.85 1136.76 108283 2		72, 
1		3816.23 3974.8 220275 2		183, 183		3988.45 4097.76 251875 2		216, 216		4662.07 4770.78 257749 2		73, 
1		548.683 698.486 51386 2		591, 591		710.167 857.537 154301 2		75, 
1		1409.6 1704.4 51277 2		214, 214		3904.58 4090.58 257500 2		488, 488		4201.38 4381.91 305302 2		76, 
1		548.683 698.486 51386 2		591, 591		749.567 850.893 154366 2		262, 262		881.35 975.43 96724 2		79, 
1		990.767 1144.93 51275 2		211, 211		4133.9 4256.23 256827 2		79, 
1		136.967 260.303 51319 2		372, 372		389.933 559.601 116045 2		104, 104		673.35 784.677 69235 2		81, 
1		1409.6 1704.4 51277 2		214, 214		4479.5 4620.92 257489 2		463, 463		4850.47 5000.38 301103 2		81, 
1		216.233 374.798 51270 2		183, 183		666.867 806.875 82989 2		651, 651		1198.05 1407.63 164915 2		227, 227		1419.65 1463.78 90629 2		83, 
1		4123.03 4256.21 220374 2		532, 532		4984.58 5097.87 312977 2		84, 
1		4123.03 4256.21 220374 2		532, 532		4984.58 5097.87 312977 2		84, 
1		4123.03 4256.21 220374 2		532, 532		4984.58 5097.87 312977 2		84, 
1		3816.23 3974.8 220275 2		183, 183		4266.87 4406.87 251994 2		651, 651		4518.17 4738.06 333894 2		87, 
1		1409.6 1704.4 51277 2		214, 214		4847.7 4984.99 257379 2		91, 
1		1379.48 1547.14 51279 2		223, 223		3690.35 3847.7 258952 2		142, 142		3949.43 4022.93 244798 2		7, 7		4107.8 4303.24 221288 2		92, 
1		990.767 1144.93 51275 2		211, 211		1267.97 1603.27 87827 2		86, 86		4725.43 4793.73 235048 2		93, 
1		1379.48 1547.14 51279 2		223, 223		3846.55 3987.1 259040 2		494, 494		4157.4 4362.66 306332 2		94, 
1		1379.48 1547.14 51279 2		223, 223		3846.55 3987.1 259040 2		494, 494		4157.4 4362.66 306332 2		94, 
1		4046.72 4150.86 220328 2		378, 378		4154.53 4231.41 286183 2		391, 391		4249.65 4356.82 288540 2		601, 601		4510.75 4709.23 325003 2		96, 
1		1091.7 1245.55 51309 2		353, 353		3921.17 4058.03 281834 2		597, 597		4482.9 4641.84 324331 2		100, 
1		3831.02 3953.52 220311 2		344, 344		4429.15 4617.43 280162 2		436, 436		4758.85 4939.08 296324 2		100, 
1		4046.72 4150.86 220328 2		378, 378		4372.02 4511.21 286207 2		452, 452		4613.87 4790.56 299161 2		101, 
1		3736.97 3860.3 220324 2		372, 372		3989.93 4159.6 285050 2		104, 
1		4046.72 4150.86 220328 2		378, 378		4372.02 4511.21 286207 2		452, 452		4595.73 4766.41 299150 2		54, 54		4790.5 4978.54 229515 2		105, 
1		3763.48 3888.06 220264 2		148, 148		3932.33 4028.2 245877 2		107, 
1		548.683 698.486 51386 2		591, 591		749.567 850.893 154366 2		262, 262		1151.68 1245.36 96735 2		109, 
1		4148.68 4298.49 220391 2		591, 591		4349.57 4450.89 323371 2		262, 262		4751.68 4845.36 265740 2		109, 
1		1379.48 1547.14 51279 2		223, 223		3973.82 4202.95 258947 2		112, 
1		446.717 550.862 51323 2		378, 378		735.017 882.757 117103 2		114, 
1		1379.48 1547.14 51279 2		223, 223		4285.15 4446.78 258977 2		231, 231		4506.83 4709.21 260322 2		114, 
1		523.033 656.207 51369 2		532, 532		831.25 981.102 144115 2		625, 625		1033.97 1135.69 160276 2		70, 70		1314.22 1630.1 63360 2		121, 
1		3816.23 3974.8 220275 2		183, 183		4022.47 4163.18 251975 2		583, 583		5038.65 5182.84 321879 2		121, 
1		990.767 1144.93 51275 2		211, 211		1352.4 1560.11 87986 2		591, 591		4152.6 4340.94 323446 2		551, 551		4936.93 5134.37 316335 2		122, 
1		3831.02 3953.52 220311 2		344, 344		4424.53 4765.38 280073 2		123, 
1		4148.68 4298.49 220391 2		591, 591		4591.12 4794.94 323322 2		127, 
1		3816.23 3974.8 220275 2		183, 183		4155.22 4212.46 251829 2		78, 78		4689.65 4910.77 233724 2		128, 
1		446.717 550.862 51323 2		378, 378		661.583 856.003 117236 2		564, 564		1220.07 1536.3 149572 2		130, 
1		3763.48 3888.06 220264 2		148, 148		4226.63 4397.05 245937 2		325, 325		4833.63 5023.8 276751 2		137, 
1		3816.23 3974.8 220275 2		183, 183		4571.85 4676.16 335587 3		144, 
1		990.767 1144.93 51275 2		211, 211		1366 1513.07 87845 2		147, 
1		990.767 1144.93 51275 2		211, 211		1366 1513.07 87845 2		147, 
1		3763.48 3888.06 220264 2		148, 
1		3763.48 3888.06 220264 2		148, 
1		3763.48 3888.06 220264 2		148, 148		3891.18 4049.89 245970 2		439, 439		4258.7 4413.49 296971 2		568, 568		4778.07 4993.42 319251 2		149, 
1		1091.7 1245.55 51309 2		353, 353		3747.87 3983.19 281657 2		10, 10		4275.8 4373.39 221844 2		150, 
1		3816.23 3974.8 220275 2		183, 183		4022.47 4163.18 251975 2		583, 583		4805.7 4954.43 321889 2		151, 
1		1230.1 1635.46 51262 2		152, 
1		990.767 1144.93 51275 2		211, 211		1387.55 1514 87944 2		465, 465		4673.92 4765.42 301452 2		154, 
1		3736.97 3860.3 220324 2		372, 372		4627.5 4769.55 285068 2		155, 
1		990.767 1144.93 51275 2		211, 211		1352.4 1560.11 87986 2		591, 591		3634.18 3915.1 323331 2		156, 
1		3816.23 3974.8 220275 2		183, 183		4025.43 4096.07 251929 2		413, 413		4519.22 4748.24 292229 2		159, 
1		446.717 550.862 51323 2		378, 378		819.483 1338.24 117241 2		570, 570		1407.77 1606.44 150585 2		160, 
1		216.233 374.798 51270 2		183, 183		388.45 497.763 82870 2		216, 216		633.133 867.814 88743 2		68, 68		1108.55 1326.2 63012 2		161, 
1		1324.62 1556.08 51268 2		164, 
1		4924.62 5156.08 220273 2		164, 
1		1409.6 1704.4 51277 2		214, 214		3746.85 3911.49 257398 2		165, 
1		1409.6 1704.4 51277 2		214, 214		3855.78 4062.28 257399 2		166, 166		4491.18 4625.11 248977 2		167, 
1		1409.6 1704.4 51277 2		214, 214		3855.78 4062.28 257399 2		166, 166		4491.18 4625.11 248977 2		167, 
1		990.767 1144.93 51275 2		211, 211		4138.92 4546.97 256857 2		169, 
1		163.483 288.06 51259 2		148, 148		580.4 733.445 76915 2		270, 270		1166.53 1455.81 98269 2		170, 
1		446.717 550.862 51323 2		378, 378		1048.42 1293.45 117238 2		568, 568		1365.55 1496.68 168443 3		170, 
1		523.033 656.207 51369 2		532, 532		784.8 972.946 143994 2		171, 
1		3816.23 3974.8 220275 2		183, 183		4916.52 5103.94 251864 2		171, 
1		4046.72 4150.86 220328 2		378, 378		4205.78 4284 286090 2		49, 49		4635.02 4860.25 228648 2		172, 
1		4046.72 4150.86 220328 2		378, 378		4205.78 4284 286090 2		49, 49		4635.02 4860.25 228648 2		172, 
1		4024.77 4303.77 220329 2		380, 380		4565.65 4687.36 286487 2		174, 
1		1379.48 1547.14 51279 2		223, 223		4993.8 5234.05 258959 2		175, 
1		741.383 870.984 51332 2		405, 405		969.05 1193.8 121911 2		176, 
