1284.02
2815.52
883.995
2864.06
384.63
1075.32
1084.97
1018.88
3614.61
1033.05
1017.55
3167.21
795.666
920.713
617.704
1212.88
960.894
1034.42
902.873
928.513
3230.81
3354.1
792.335
864.444
1020.82
487.247
939.332
756.632
697.839
496.329
3419.36
3193.93
911.574
2986.83
584.27
3261.46
759.064
654.452
767.477
692.163
1332.36
2943.8
2716.12
2616.7
2790.71
756.524
726.849
674.785
3075.87
2958.62
3672.95
869.023
3566.78
868.232
3024.18
818.283
2654.67
743.194
3398.37
967.499
816.557
3496.99
1222.9
884.555
1184.41
3224.77
879.248
3766.72
1357.98
3497.19
3585.97
644.325
575.002
603.898
2536.69
788.472
727.749
2882.42
558.824
3568.91
3424
878.943
3731.34
1240.5
841.033
628.359
3571.21
1146.13
1039.85
3187.18
794.19
806.369
1065.06
463.43
834.265
3756.24
3420.35
3853.36
562.822
554.146
