1.85502
1.04826
1.0226
0.562608
2.96211
0.845313
7.04798
0.648845
0.460863
0.898638
1.41315
0.47558
0.946035
6.50344
1.8708
1.54057
3.35428
2.73635
4.03211
3.9176
7.41692
0.499449
1.82094
1.45295
1.16868
1.37301
0.825451
0.825451
0.61944
1.57117
0.727999
0.686573
1.13211
0.667736
0.539437
0.820916
0.97722
5.59052
1.1365
3.90193
0.811035
0.307582
0.307582
0.307582
1.27859
2.44208
6.71368
1.59015
0.485893
0.485893
0.681392
1.57364
1.06635
1.53379
0.801339
4.47832
0.796662
0.854351
0.918791
3.01112
0.854726
0.689143
1.08018
2.34323
1.86782
1.10924
0.929626
0.837565
0.93313
0.565675
0.544764
0.950351
0.950351
0.222107
0.222107
3.22021
6.22813
0.587335
1.10862
0.55922
0.955447
1.9651
0.874992
1.44535
1.01682
0.597149
0.597149
2.52296
2.31648
0.490964
1.65054
1.22633
1.04481
0.643954
2.05256
1.01233
1.01233
1.29713
2.49683
1.05191
