1245.59
2815.52
1253.67
2864.06
384.63
915.548
930.194
1044.94
4000.26
1033.05
995.629
3586.91
795.666
845.951
617.704
984.74
960.894
1185.99
902.873
928.513
1107.75
3354.1
792.335
914.718
921.789
487.247
939.332
756.632
766.631
496.329
3419.36
3320.8
911.574
2986.83
584.27
3261.46
759.064
654.452
767.477
692.163
1332.36
2943.8
2716.12
2616.7
2790.71
1236.63
726.849
674.785
3112.86
2995.61
3672.95
869.023
3566.78
868.232
3024.18
818.283
2654.67
743.194
3398.37
967.499
816.557
3723.45
1068.62
556.216
750.254
3224.77
879.248
3766.72
535.219
3632.29
3585.97
672.185
575.002
2942.71
2536.69
788.472
758.257
3847.05
558.824
3568.91
3424
793.703
3731.34
1240.5
841.033
628.359
3817.86
510.377
484.833
3187.18
794.19
806.369
1065.06
463.43
834.265
3756.24
3420.35
3365.3
805.712
554.146
