3.53395
1.04826
5.43029
0.562608
2.96211
0.845313
2.66107
3.17746
0.941794
0.898638
3.01398
0.918284
0.946035
5.28463
1.8708
2.80449
3.35428
4.44499
4.03211
3.9176
1.29284
0.499449
4.67101
1.45295
2.44159
1.37301
0.825451
0.825451
1.04527
1.57117
0.885252
0.847344
1.13211
0.667736
0.539437
0.820916
0.97722
5.59052
1.1365
3.90193
0.811035
0.853194
0.853194
0.853194
1.27859
3.76218
2.97677
6.14535
1.04495
1.04495
0.681392
2.21439
1.06635
1.53379
0.801339
4.47832
0.796662
0.854351
0.918791
3.01112
0.854726
0.854726
3.50313
4.92334
3.12923
1.10924
0.929626
0.837565
1.95732
0.710863
0.797889
3.20437
1.74626
4.59833
0.222107
3.22021
5.15209
1.3337
1.10862
0.55922
0.955447
3.43726
0.874992
3.78374
1.01682
0.597149
0.950604
2.98123
2.64879
0.873642
2.47137
1.22633
2.49128
0.643954
5.16697
1.01233
1.01233
8.58074
2.49683
1.05191
