1508.91
2815.52
1253.67
2864.06
384.63
1075.32
1084.97
1044.94
4000.26
1033.05
1002.64
3586.91
795.666
845.951
617.704
984.74
960.894
515.478
902.873
523.806
1107.75
3354.1
792.335
864.444
921.789
487.247
939.332
756.632
766.631
496.329
3652.72
3320.8
911.574
3990.23
584.27
3261.46
759.064
912.798
767.477
692.163
1332.36
4055.8
3828.12
3728.7
2790.71
756.524
726.849
830.219
3112.86
2995.61
3672.95
869.023
3566.78
868.232
3024.18
818.283
2654.67
743.194
3398.37
867.167
816.557
3723.45
1140.37
556.216
750.254
3224.77
879.248
3766.72
916.734
3632.29
4126.66
672.185
575.002
2942.71
2536.69
788.472
758.257
3847.05
558.824
3568.91
3424
753.521
3731.34
1304.77
841.033
628.359
3817.86
510.377
484.833
3812.83
675.01
806.369
1065.06
463.43
767.118
3756.24
3420.35
3405.65
562.822
554.146
