1.07576
1.04826
1.0226
0.562608
3.69855
1.27913
2.66107
0.648845
0.941794
0.898638
3.01398
0.918284
0.946035
6.50344
1.8708
2.80449
3.35428
2.8026
4.03211
3.9176
4.54574
0.499449
4.67101
2.16982
1.16868
1.37301
0.825451
0.825451
1.04527
1.57117
0.885252
0.847344
1.13211
0.667736
0.539437
0.820916
0.97722
5.59052
1.1365
3.90193
0.811035
0.853194
0.853194
0.853194
1.60652
4.24281
5.96922
6.14535
0.485893
0.485893
0.681392
5.36701
1.06635
1.53379
0.801339
4.47832
0.796662
0.854351
0.918791
3.01112
0.854726
0.854726
1.08018
5.42194
3.12923
1.10924
0.929626
0.837565
1.95732
1.40717
0.797889
0.950351
0.950351
0.222107
0.222107
3.22021
6.22813
0.587335
1.10862
0.55922
0.955447
6.12203
0.874992
3.78374
1.01682
0.597149
0.950604
1.09482
2.31648
0.873642
2.47137
1.22633
1.04481
0.643954
3.70453
1.47751
1.47751
1.29713
6.601
1.05191
