2.41618
1.04826
1.0226
0.562608
0.845313
0.845313
1.92267
0.648845
0.460863
0.898638
1.41315
0.47558
0.946035
3.16999
1.8708
1.54057
3.35428
2.73635
0.501571
3.15717
0.958116
0.499449
1.39378
0.831496
1.16868
1.37301
0.825451
0.825451
0.61944
1.57117
0.727999
0.686573
1.13211
0.328325
0.539437
0.820916
0.97722
0.385722
1.1365
3.90193
0.811035
0.307582
0.307582
0.307582
0.818257
2.44208
2.97677
1.59015
0.485893
0.485893
0.681392
1.57364
1.06635
1.53379
0.801339
4.73596
0.796662
0.854351
0.918791
1.85015
0.854726
0.689143
1.08018
2.34323
1.86782
0.984766
0.929626
0.837565
0.93313
0.565675
0.544764
0.950351
0.950351
0.222107
0.222107
3.22021
3.26568
0.587335
1.10862
0.55922
0.955447
1.91438
0.874992
1.12515
0.777924
0.597149
0.597149
1.09482
2.31648
0.490964
1.65054
1.22633
1.04481
0.643954
2.05256
1.01233
1.01233
1.2842
2.49683
1.05191
