1		548.683 698.486 2		591, 591		710.167 857.537 2		75, 75		1725.77 1832.57 2		5, 
1		1359.97 1457.75 2		590, 590		1737.63 1822.19 2		5, 
1		216.233 374.798 2		183, 183		1315.22 1501.96 2		64, 64		2072.4 2258.6 2		6, 
1		1324.62 1556.08 2		164, 164		1992.8 2268.51 2		7, 
1		446.717 550.862 2		378, 378		554.533 631.407 2		391, 391		954.783 1184.57 2		549, 549		1410.6 1509.37 2		10, 
1		1091.7 1245.55 2		353, 353		1587.87 1823.19 2		10, 
1		990.767 1144.93 2		211, 211		1470.63 1641.58 2		87, 87		2317.1 2515.1 2		12, 
1		163.483 288.06 2		148, 148		626.633 797.05 2		325, 325		903.283 1073.24 2		13, 
1		2397.05 2568.24 2		434, 434		2809.37 3037.97 2		17, 
1		446.717 550.862 2		378, 378		661.583 856.003 2		564, 564		1068.6 1150 2		18, 
1		1886.72 1990.86 2		378, 378		2608.48 2823.16 2		19, 
1		1886.72 1990.86 2		378, 378		2608.48 2823.16 2		19, 
1		1379.48 1547.14 2		223, 223		2169.25 2254.06 2		23, 
1		1004.47 1331.07 2		138, 138		1888.62 2003.52 2		28, 
1		990.767 1144.93 2		211, 211		1469.47 1738.81 2		544, 544		2819.02 2880.91 2		30, 
1		820.367 1034.76 2		392, 392		2404.03 2616.84 2		32, 
1		990.767 1144.93 2		211, 211		1327.47 1384.84 2		77, 77		1511.25 1614.19 2		253, 253		1748.75 1890.69 2		38, 
1		1359.97 1457.75 2		590, 590		1494.02 1701.45 2		40, 
1		1359.97 1457.75 2		590, 590		1494.02 1701.45 2		40, 
1		957.05 1128.24 2		434, 434		1467.08 1583.74 2		270, 270		1828.65 1922.35 2		44, 
1		820.367 1034.76 2		392, 392		1298.18 1439.92 2		631, 631		1613.48 1764.45 2		50, 
1		990.767 1144.93 2		211, 211		1387.55 1514 2		465, 465		1899.15 2083.67 2		52, 
1		490.65 654.281 2		561, 561		990.9 1122.3 2		290, 290		1676.07 1914.78 2		53, 
1		446.717 550.862 2		378, 378		554.533 631.407 2		391, 391		1215.2 1335.88 2		529, 529		1383.82 1553.74 2		57, 
1		1379.48 1547.14 2		223, 223		2294 2365.51 2		60, 
1		1029.4 1235.26 2		547, 547		1812.07 1981.85 2		61, 
1		446.717 550.862 2		378, 378		1379.4 1554.77 2		26, 26		1584.2 1674.53 2		62, 
1		446.717 550.862 2		378, 378		560.983 689.414 2		564, 564		728.767 1122.15 2		62, 
1		216.233 374.798 2		183, 183		388.45 497.763 2		216, 216		633.133 867.814 2		68, 
1		1656.23 1814.8 2		183, 183		1828.45 1937.76 2		216, 216		2073.13 2307.81 2		68, 
1		1656.23 1814.8 2		183, 183		1862.47 2003.18 2		583, 583		2010.43 2077.5 2		228, 228		2338.93 2440.38 2		69, 
1		1647.08 1977.47 2		70, 
1		231.017 353.52 2		344, 344		491.183 631.161 3		328, 328		1051.85 1136.76 2		72, 
1		1379.48 1547.14 2		223, 223		2321.42 2491.4 2		652, 652		2821.45 3043.23 2		73, 
1		548.683 698.486 2		591, 591		710.167 857.537 2		75, 
1		1409.6 1704.4 2		214, 214		1744.58 1930.58 2		488, 488		2041.38 2221.91 2		76, 
1		990.767 1144.93 2		211, 211		1973.9 2096.23 2		79, 
1		990.767 1144.93 2		211, 211		1973.9 2096.23 2		79, 
1		136.967 260.303 2		372, 372		389.933 559.601 2		104, 104		673.35 784.677 2		81, 
1		1576.97 1700.3 2		372, 372		1829.93 1999.6 2		104, 104		2113.35 2224.68 2		81, 
1		523.033 656.207 2		532, 532		784.8 972.946 2		171, 171		1257.32 1435.16 2		83, 
1		1963.03 2096.21 2		532, 532		2824.58 2937.87 2		84, 
1		1556.13 1715.57 2		515, 515		1741.1 1825.87 2		84, 
1		1556.13 1715.57 2		515, 515		1741.1 1825.87 2		84, 
1		1050 1252.24 2		211, 211		1470.63 1641.58 2		87, 
1		859.383 1329.12 2		39, 39		1838.3 1930.18 2		91, 
1		859.383 1329.12 2		39, 39		1480.63 1732.34 2		92, 
1		1091.7 1245.55 2		353, 353		1339.12 1427.83 2		525, 525		1702.5 1887.6 2		93, 
1		1379.48 1547.14 2		223, 223		1686.55 1827.1 2		494, 494		1997.4 2202.66 2		94, 
1		1379.48 1547.14 2		223, 223		1686.55 1827.1 2		494, 494		1997.4 2202.66 2		94, 
1		1886.72 1990.86 2		378, 378		1994.53 2071.41 2		391, 391		2089.65 2196.82 2		601, 601		2350.75 2549.23 2		96, 
1		1029.4 1235.26 2		547, 547		1430.15 1507.62 2		141, 141		1719.47 1791.71 2		100, 
1		1379.48 1547.14 2		223, 223		1918.28 1975.66 2		301, 301		2264.47 2386.19 2		100, 
1		586.417 784.15 2		339, 339		1260.35 1436.4 2		101, 
1		1576.97 1700.3 2		372, 372		1829.93 1999.6 2		104, 
1		1091.7 1245.55 2		353, 353		1347.42 1607.7 2		403, 403		2253.17 2413.71 2		105, 
