0.754353
0.971319
0.660093
1.01218
0.845313
0.702014
0.625312
0.648845
0.460863
0.898638
0.47558
0.47558
0.28544
0.98023
0.51563
0.692551
1.01587
0.762206
0.762206
0.911233
0.958116
0.499449
0.786288
0.886958
0.3943
0.693456
0.781794
0.781794
0.61944
0.942436
0.885252
0.910751
0.721317
0.772432
0.806462
0.820916
0.789773
0.641957
0.969642
0.949165
0.923396
0.797599
0.797599
0.797599
0.818257
0.829061
0.997944
0.813192
0.485893
0.485893
0.681392
0.864389
1.06635
0.906152
0.801339
0.915143
0.796662
0.854351
0.854351
0.57823
0.854726
0.917082
0.765723
0.934855
0.798549
0.984766
0.669031
0.837565
0.79158
0.68468
0.883749
0.950351
0.950351
0.222107
0.222107
0.957106
1.02361
0.587335
1.10862
0.55922
0.955447
0.865796
0.874992
0.892737
0.820307
0.597149
0.950604
0.421829
0.490964
0.490964
0.938427
0.795028
0.795028
0.643954
0.776547
1.01233
1.01233
1.2842
0.924276
0.874793
