1		548.683 698.486 2		591, 591		1379.43 1502.63 2		326, 326		1745.63 1879.56 2		5, 
1		1359.97 1457.75 2		590, 590		1737.63 1822.19 2		5, 
1		216.233 374.798 2		183, 183		388.45 497.763 2		216, 216		633.133 867.814 2		68, 68		1191.43 1367.15 2		6, 
1		1324.62 1556.08 2		164, 164		1992.8 2268.51 2		7, 
1		231.017 353.52 2		344, 344		366.8 576.98 2		10, 
1		446.717 550.862 2		378, 378		605.783 684 2		49, 49		697.967 963.46 2		19, 19		1267.82 1349.6 2		10, 
1		741.383 870.984 2		405, 405		1155.92 1428.83 2		362, 362		1563.52 1672.76 2		12, 
1		163.483 288.06 2		148, 148		626.633 797.05 2		325, 325		903.283 1073.24 2		13, 
1		1416.75 1632.05 2		540, 540		1732.43 1839.72 2		17, 
1		446.717 550.862 2		378, 378		661.583 856.003 2		564, 564		1068.6 1150 2		18, 
1		741.383 870.984 2		405, 405		1483.1 1691.57 2		19, 
1		1886.72 1990.86 2		378, 378		2045.78 2124 2		49, 49		2137.97 2403.46 2		19, 
1		523.033 656.207 2		532, 532		784.8 972.946 2		171, 171		1140.75 1315.12 2		23, 
1		728.383 905.162 2		629, 629		956.433 1140.02 2		266, 266		1410.4 1559.74 2		376, 376		1733.82 1811.48 2		28, 
1		874.533 1090.84 2		615, 615		1179.88 1240.69 1		30, 
1		446.717 550.862 2		378, 378		554.533 631.407 2		391, 391		756.183 1079.09 2		95, 95		1123.48 1368.92 2		32, 
1		990.767 1144.93 2		211, 211		1327.47 1384.84 2		77, 77		1511.25 1614.19 2		253, 253		1748.75 1890.69 2		38, 
1		1359.97 1457.75 2		590, 590		1494.02 1701.45 2		40, 
1		1359.97 1457.75 2		590, 590		1494.02 1701.45 2		40, 
1		957.05 1128.24 2		434, 434		1467.08 1583.74 2		270, 270		1828.65 1922.35 2		44, 
1		728.383 905.162 2		629, 629		1229.92 1486.72 2		124, 124		1536.28 1598.75 1		342, 342		1599.3 1708.36 2		50, 
1		990.767 1144.93 2		211, 211		1387.55 1514 2		465, 465		1899.15 2083.67 2		52, 
1		548.683 698.486 2		591, 591		749.567 850.893 2		262, 262		1151.68 1245.36 2		109, 109		1246.52 1399.17 2		53, 
1		231.017 353.52 2		344, 344		537.5 566.766 0		196, 196		993.467 1122.02 2		57, 
1		728.383 905.162 2		629, 629		956.433 1140.02 2		266, 266		1140.73 1378.56 2		60, 
1		1022 1244.43 2		61, 
1		446.717 550.862 2		378, 378		560.983 689.414 2		564, 564		728.767 1122.15 2		62, 
1		446.717 550.862 2		378, 378		560.983 689.414 2		564, 564		728.767 1122.15 2		62, 
1		216.233 374.798 2		183, 183		388.45 497.763 2		216, 216		633.133 867.814 2		68, 
1		648.2 864.266 2		533, 533		976.383 1094.11 2		68, 
1		1656.23 1814.8 2		183, 183		1862.47 2003.18 2		583, 583		2010.43 2077.5 2		228, 228		2338.93 2440.38 2		69, 
1		1647.08 1977.47 2		70, 
1		231.017 353.52 2		344, 344		491.183 631.161 3		328, 328		1051.85 1136.76 2		72, 
1		1379.48 1547.14 2		223, 223		1687.02 1815.1 2		362, 362		1935.27 2039.83 2		73, 
1		548.683 698.486 2		591, 591		710.167 857.537 2		75, 
1		1409.6 1704.4 2		214, 214		1744.58 1930.58 2		488, 488		2041.38 2221.91 2		76, 
1		548.683 698.486 2		591, 591		749.567 850.893 2		262, 262		881.35 975.43 2		79, 
1		990.767 1144.93 2		211, 211		1973.9 2096.23 2		79, 
1		136.967 260.303 2		372, 372		389.933 559.601 2		104, 104		673.35 784.677 2		81, 
1		1091.7 1245.55 2		353, 353		1257.83 1474.69 2		269, 269		1568.37 1728.33 2		81, 
1		523.033 656.207 2		532, 532		784.8 972.946 2		171, 171		1257.32 1435.16 2		83, 
1		1556.13 1715.57 2		515, 515		1741.1 1825.87 2		84, 
1		1556.13 1715.57 2		515, 515		1741.1 1825.87 2		84, 
1		1556.13 1715.57 2		515, 515		1741.1 1825.87 2		84, 
1		1050 1252.24 2		211, 211		1470.63 1641.58 2		87, 
1		843.233 1053.73 2		304, 304		1194.65 1247.1 2		172, 172		1371.25 1434.71 1		91, 
1		859.383 1329.12 2		39, 39		1480.63 1732.34 2		92, 
1		843.233 1053.73 2		304, 304		1403.23 1608.55 2		93, 
1		1379.48 1547.14 2		223, 223		1686.55 1827.1 2		494, 494		1997.4 2202.66 2		94, 
1		1379.48 1547.14 2		223, 223		1686.55 1827.1 2		494, 494		1997.4 2202.66 2		94, 
1		1359.97 1457.75 2		590, 590		1545.93 1682.22 2		208, 208		1682.42 1875.14 2		96, 
1		773.817 1022.49 2		253, 253		1154.88 1260.66 2		152, 152		1274.93 1467.69 2		100, 
1		1379.48 1547.14 2		223, 223		1918.28 1975.66 2		301, 301		2264.47 2386.19 2		100, 
1		586.417 784.15 2		339, 339		1260.35 1436.4 2		101, 
1		1576.97 1700.3 2		372, 372		1829.93 1999.6 2		104, 
1		990.767 1144.93 2		211, 211		1475.32 2067.54 2		105, 
1		1603.48 1728.06 2		148, 148		1772.33 1868.2 2		107, 
1		548.683 698.486 2		591, 591		749.567 850.893 2		262, 262		1151.68 1245.36 2		109, 
1		1379.48 1547.14 2		223, 223		1585.07 1917.1 2		348, 348		1952.1 2051.42 2		316, 316		2305.52 2400.77 2		109, 
1		1379.48 1547.14 2		223, 223		1813.82 2042.95 2		112, 
1		446.717 550.862 2		378, 378		735.017 882.757 2		114, 
1		1082.1 1304.41 2		118, 118		1310.88 1488.67 2		241, 241		1529.83 1714.29 2		114, 
1		446.717 550.862 2		378, 378		914.633 1100.5 2		460, 460		1228.8 1385.54 2		121, 
1		855.683 991.028 2		207, 207		1017.5 1295.38 2		121, 
1		874.533 1090.84 2		615, 615		1120.58 1332.4 2		122, 
1		1671.02 1793.52 2		344, 344		1859.4 2205.8 2		123, 
1		1004.47 1331.07 2		138, 138		1391.18 1650.08 2		127, 
1		1409.6 1704.4 2		214, 214		2029.32 2153.09 2		345, 345		2210.08 2360.88 2		128, 
1		446.717 550.862 2		378, 378		661.583 856.003 2		564, 564		1220.07 1536.3 2		130, 
1		1603.48 1728.06 2		148, 148		1834.8 2117.48 2		629, 629		2156.62 2309.13 2		137, 
1		1359.97 1457.75 2		590, 590		1848.8 2016.7 2		144, 
1		990.767 1144.93 2		211, 211		1366 1513.07 2		147, 
1		990.767 1144.93 2		211, 211		1366 1513.07 2		147, 
1		1603.48 1728.06 2		148, 
1		1603.48 1728.06 2		148, 
1		990.767 1144.93 2		211, 211		1461.9 1673.27 2		109, 109		1766.57 1922.56 2		149, 
1		1091.7 1245.55 2		353, 353		1587.87 1823.19 2		10, 10		2115.8 2213.39 2		150, 
1		1656.23 1814.8 2		183, 183		1862.47 2003.18 2		583, 583		2645.7 2794.43 2		151, 
1		1230.1 1635.46 2		152, 
1		990.767 1144.93 2		211, 211		1387.55 1514 2		465, 465		2085.77 2270.09 2		154, 
1		1437.92 1703.57 2		500, 500		1951.5 2140.19 2		155, 
1		728.383 905.162 2		629, 629		1273.65 1391.9 2		601, 601		1421.87 1521.78 1		156, 
1		1656.23 1814.8 2		183, 183		1865.43 1936.07 2		413, 413		2359.22 2588.24 2		159, 
1		446.717 550.862 2		378, 378		819.483 1338.24 2		570, 570		1407.77 1606.44 2		160, 
1		136.967 260.303 2		372, 372		707.85 957.65 2		161, 
1		1324.62 1556.08 2		164, 
1		1988.68 2138.49 2		591, 591		2607.15 2749.42 2		164, 
1		670.083 959.485 2		90, 90		1007.67 1125.19 2		165, 
1		855.683 991.028 2		207, 207		1097.57 1196.14 2		321, 321		1232.67 1323.58 2		167, 
1		1603.48 1728.06 2		148, 148		2066.63 2237.05 2		325, 325		2387.57 2509.89 2		167, 
1		843.233 1053.73 2		304, 304		1206.7 1452.79 2		169, 
1		216.233 374.798 2		183, 183		401.917 620.357 2		442, 442		706.817 914.252 2		170, 
1		446.717 550.862 2		378, 378		1048.42 1293.45 2		568, 568		1365.55 1496.68 3		170, 
1		523.033 656.207 2		532, 532		784.8 972.946 2		171, 
1		1004.47 1331.07 2		138, 138		1443.97 1686.4 2		171, 
1		1671.02 1793.52 2		344, 344		1967.3 2139.43 2		479, 479		2251.77 2421.86 2		172, 
1		1671.02 1793.52 2		344, 344		1967.3 2139.43 2		479, 479		2251.77 2421.86 2		172, 
1		1864.77 2143.77 2		380, 380		2405.65 2527.36 2		174, 
1		1147.85 1287.22 2		175, 
1		741.383 870.984 2		405, 405		969.05 1193.8 2		176, 
