0.675381
1.04826
1.0226
1.01218
2.96211
1.27913
1.24333
0.648845
1.9116
0.898638
0.783813
0.918284
0.946035
1.60052
1.8708
1.54057
1.27327
0.762206
0.762206
0.959688
2.12917
0.499449
1.39378
2.16982
1.16868
1.37301
0.825451
0.825451
0.61944
1.57117
0.885252
1.26145
1.13211
0.667736
0.539437
0.820916
0.97722
0.385722
1.1365
1.73341
0.811035
0.853194
0.853194
0.853194
1.27859
2.44208
0.997944
1.59015
0.485893
0.485893
1.91363
2.21439
1.32543
1.53379
0.801339
1.40761
0.796662
0.854351
0.918791
0.57823
0.854726
1.58236
1.43064
2.34323
1.86782
1.10924
0.929626
1.32982
0.93313
1.40717
2.29286
0.950351
0.950351
0.222107
0.222107
1.23718
1.02361
0.587335
1.10862
0.55922
1.42931
3.43726
0.874992
1.12515
1.01682
0.597149
0.950604
2.52296
2.31648
0.98139
1.65054
1.22633
1.04481
0.643954
1.97095
1.47751
1.47751
1.2842
2.49683
1.05191
