0.754353
1.04826
0.660093
1.01218
0.578053
0.702014
0.625312
0.648845
0.460863
0.898638
0.47558
0.47558
0.28544
0.98023
0.51563
0.692551
1.01587
0.762206
0.762206
0.959688
0.958116
0.499449
0.786288
0.851037
0.3943
0.693456
0.478652
0.825451
0.61944
0.942436
0.885252
0.910751
0.960828
0.772432
0.539437
0.820916
0.789773
0.385722
0.896807
0.949165
0.918613
0.750046
0.750046
0.853194
0.818257
0.829061
0.997944
0.813192
0.485893
0.485893
0.681392
0.864389
1.06635
0.906152
0.801339
0.915143
0.796662
0.854351
0.854351
0.57823
0.854726
0.689143
0.765723
0.805527
0.798549
0.984766
0.669031
0.837565
0.79158
0.68468
0.883749
0.950351
0.950351
0.222107
0.222107
0.792454
1.02361
0.587335
1.10862
0.689656
0.955447
0.865796
0.874992
0.892737
0.820307
0.597149
0.597149
0.421829
0.79603
0.490964
0.938427
0.795028
0.795028
0.643954
0.776547
1.01233
1.01233
1.2842
0.924276
1.05191
