0.754353
1.04826
0.660093
1.01218
0.975428
0.702014
0.625312
0.648845
0.460863
0.898638
0.47558
0.47558
0.28544
1.09576
0.51563
0.692551
1.01587
0.762206
0.762206
0.959688
0.958116
0.499449
0.786288
0.851037
0.3943
0.329206
0.781794
0.553413
0.61944
0.61944
0.885252
0.686573
1.13211
0.328325
0.539437
0.820916
0.97722
0.385722
1.1365
0.949165
0.811035
0.853194
0.853194
0.853194
1.27859
0.829061
0.997944
0.8625
0.485893
0.485893
0.681392
0.864389
1.06635
0.906152
0.801339
0.915143
0.796662
0.854351
0.854351
0.57823
0.854726
0.689143
0.765723
0.751577
0.798549
1.10924
0.669031
0.837565
0.669319
0.68468
0.544764
0.950351
0.950351
0.222107
0.222107
0.836549
1.02361
0.587335
1.10862
0.689656
0.955447
0.865796
0.874992
0.904683
0.856796
0.597149
0.597149
0.421829
0.79603
0.490964
0.938427
0.955975
0.856632
0.643954
0.643954
1.01233
1.01233
1.2842
0.924276
1.05191
