1.85502
1.04826
1.0226
1.01218
2.96211
0.845313
2.66107
1.51784
1.9116
0.898638
1.7458
0.918284
0.946035
2.42156
1.8708
1.8485
1.86478
0.762206
0.762206
0.959688
2.12917
0.499449
1.82094
2.16982
1.16868
1.37301
0.825451
0.825451
1.04527
1.57117
0.885252
1.26145
1.13211
0.667736
0.539437
0.820916
0.97722
2.72569
1.1365
1.73341
0.811035
1.42654
3.00345
0.853194
1.27859
1.05298
0.997944
0.8625
0.485893
0.485893
1.4882
2.21439
1.32543
1.53379
0.801339
2.38573
0.796662
0.854351
0.918791
0.57823
0.854726
1.58236
1.08018
2.36975
1.86782
1.10924
0.929626
1.56345
1.95732
1.40717
1.72545
0.950351
0.950351
0.222107
0.222107
1.23718
2.47705
1.15719
1.10862
0.55922
1.73052
3.43726
0.874992
1.44535
1.01682
0.597149
1.08976
1.90434
2.31648
0.98139
2.47137
1.22633
1.04481
0.643954
1.97095
1.69858
1.69858
1.29713
2.20966
1.05191
