1		231.017 353.52 2		344, 344		672.133 835.99 2		66, 66		1016.68 1121.94 2		437, 437		1200.63 1329.62 2		5, 
1		1359.97 1457.75 2		590, 590		1737.63 1822.19 2		5, 
1		216.233 374.798 2		183, 183		388.45 497.763 2		216, 216		633.133 867.814 2		68, 68		1191.43 1367.15 2		6, 
1		1324.62 1556.08 2		164, 164		1992.8 2268.51 2		7, 
1		231.017 353.52 2		344, 344		366.8 576.98 2		10, 
1		446.717 550.862 2		378, 378		554.533 631.407 2		391, 391		954.783 1184.57 2		549, 549		1410.6 1509.37 2		10, 
1		728.383 905.162 2		629, 629		1223.32 1401.91 2		536, 536		1421.3 1649 2		12, 
1		163.483 288.06 2		148, 148		541.5 793.895 2		404, 404		803.25 901.817 2		13, 
1		1416.75 1632.05 2		540, 540		1732.43 1839.72 2		17, 
1		446.717 550.862 2		378, 378		661.583 856.003 2		564, 564		1068.6 1150 2		18, 
1		548.683 698.486 2		591, 591		1184.22 1345.94 3		144, 144		1372.52 1505.57 2		19, 
1		1886.72 1990.86 2		378, 378		2045.78 2124 2		49, 49		2137.97 2403.46 2		19, 
1		523.033 656.207 2		532, 532		784.8 972.946 2		171, 171		1140.75 1315.12 2		23, 
1		728.383 905.162 2		629, 629		1340.72 1523.87 2		494, 494		1736.88 1861.32 2		138, 138		1888.62 2003.52 2		28, 
1		874.533 1090.84 2		615, 615		1179.88 1240.69 1		30, 
1		446.717 550.862 2		378, 378		605.783 684 2		49, 49		860.183 1066.95 3		505, 505		1279.03 1393.74 2		32, 
1		843.233 1053.73 2		304, 304		1216.35 1412.65 2		503, 503		1526.62 1696.39 2		253, 253		1748.75 1890.69 2		38, 
1		1359.97 1457.75 2		590, 590		1494.02 1701.45 2		40, 
1		1359.97 1457.75 2		590, 590		1494.02 1701.45 2		40, 
1		957.05 1128.24 2		434, 434		1467.08 1583.74 2		270, 270		1828.65 1922.35 2		44, 
1		728.383 905.162 2		629, 629		1229.92 1486.72 2		124, 124		1536.28 1598.75 1		342, 342		1599.3 1708.36 2		50, 
1		990.767 1144.93 2		211, 211		1387.55 1514 2		465, 465		1899.15 2083.67 2		52, 
1		548.683 698.486 2		591, 591		710.167 857.537 2		75, 75		1089.4 1157.84 2		347, 347		1228.93 1279.44 1		53, 
1		231.017 353.52 2		344, 344		537.5 566.766 0		196, 196		993.467 1122.02 2		57, 
1		728.383 905.162 2		629, 629		956.433 1140.02 2		266, 266		1140.73 1378.56 2		60, 
1		1022 1244.43 2		61, 
1		446.717 550.862 2		378, 378		560.983 689.414 2		564, 564		728.767 1122.15 2		62, 
1		446.717 550.862 2		378, 378		560.983 689.414 2		564, 564		728.767 1122.15 2		62, 
1		136.967 260.303 2		372, 372		595.617 799.022 2		68, 
1		648.2 864.266 2		533, 533		976.383 1094.11 2		68, 
1		1656.23 1814.8 2		183, 183		1862.47 2003.18 2		583, 583		2010.43 2077.5 2		228, 228		2338.93 2440.38 2		69, 
1		1647.08 1977.47 2		70, 
1		231.017 353.52 2		344, 344		491.183 631.161 3		328, 328		1051.85 1136.76 2		72, 
1		1379.48 1547.14 2		223, 223		1687.02 1815.1 2		362, 362		1935.27 2039.83 2		73, 
1		548.683 698.486 2		591, 591		710.167 857.537 2		75, 
1		1409.6 1704.4 2		214, 214		1744.58 1930.58 2		488, 488		2041.38 2221.91 2		76, 
1		548.683 698.486 2		591, 591		749.567 850.893 2		262, 262		881.35 975.43 2		79, 
1		728.383 905.162 2		629, 629		927.9 1032.41 2		80, 80		1312.85 1430.45 1		559, 559		1467.33 1672.56 2		79, 
1		136.967 260.303 2		372, 372		389.933 559.601 2		104, 104		673.35 784.677 2		81, 
1		1091.7 1245.55 2		353, 353		1257.83 1474.69 2		269, 269		1568.37 1728.33 2		81, 
1		523.033 656.207 2		532, 532		784.8 972.946 2		171, 171		1257.32 1435.16 2		83, 
1		1091.7 1245.55 2		353, 353		1339.12 1427.83 2		525, 525		1706.77 1763.78 1		84, 
1		1359.97 1457.75 2		590, 590		1621.47 1714.67 1		84, 
1		1556.13 1715.57 2		515, 515		1741.1 1825.87 2		84, 
1		1050 1252.24 2		211, 211		1470.63 1641.58 2		87, 
1		859.383 1329.12 2		39, 39		1838.3 1930.18 2		91, 
1		859.383 1329.12 2		39, 39		1480.63 1732.34 2		92, 
1		1091.7 1245.55 2		353, 353		1339.12 1427.83 2		525, 525		1702.5 1887.6 2		93, 
1		1379.48 1547.14 2		223, 223		1686.55 1827.1 2		494, 494		1997.4 2202.66 2		94, 
1		1379.48 1547.14 2		223, 223		1686.55 1827.1 2		494, 494		1997.4 2202.66 2		94, 
1		1050 1252.24 2		211, 211		1387.55 1514 2		465, 465		1747 1861.63 2		96, 
1		773.817 1022.49 2		253, 253		1154.88 1260.66 2		152, 152		1274.93 1467.69 2		100, 
1		1379.48 1547.14 2		223, 223		1918.28 1975.66 2		301, 301		2264.47 2386.19 2		100, 
1		586.417 784.15 2		339, 339		1260.35 1436.4 2		101, 
1		1576.97 1700.3 2		372, 372		1829.93 1999.6 2		104, 
1		874.533 1090.84 2		615, 615		1351.73 1570 2		344, 344		1597.95 1731.32 2		82, 82		1773.48 2017.97 2		105, 
1		1603.48 1728.06 2		148, 148		1772.33 1868.2 2		107, 
1		548.683 698.486 2		591, 591		749.567 850.893 2		262, 262		1151.68 1245.36 2		109, 
1		1379.48 1547.14 2		223, 223		1585.07 1917.1 2		348, 348		1952.1 2051.42 2		316, 316		2305.52 2400.77 2		109, 
1		1379.48 1547.14 2		223, 223		1813.82 2042.95 2		112, 
1		446.717 550.862 2		378, 378		735.017 882.757 2		114, 
1		1082.1 1304.41 2		118, 118		1310.88 1488.67 2		241, 241		1529.83 1714.29 2		114, 
1		570.917 1106.73 2		600, 600		1299.78 1457.29 2		121, 
1		874.533 1090.84 2		615, 615		1239.77 1536.91 2		394, 394		1609.13 1753.76 2		121, 
1		874.533 1090.84 2		615, 615		1120.58 1332.4 2		122, 
1		1671.02 1793.52 2		344, 344		1859.4 2205.8 2		123, 
1		1004.47 1331.07 2		138, 138		1391.18 1650.08 2		127, 
1		1671.02 1793.52 2		344, 344		2112.13 2275.99 2		66, 66		2340.43 2616.33 2		128, 
1		728.383 905.162 2		629, 629		927.9 1032.41 2		80, 80		1330.7 1380.65 1		130, 
1		1603.48 1728.06 2		148, 148		1834.8 2117.48 2		629, 629		2156.62 2309.13 2		137, 
1		1050 1252.24 2		211, 211		1352.4 1560.11 2		591, 591		1626.43 1769.21 3		144, 
1		990.767 1144.93 2		211, 211		1366 1513.07 2		147, 
1		990.767 1144.93 2		211, 211		1366 1513.07 2		147, 
1		1603.48 1728.06 2		148, 
1		1603.48 1728.06 2		148, 
1		990.767 1144.93 2		211, 211		1461.9 1673.27 2		109, 109		1766.57 1922.56 2		149, 
1		874.533 1090.84 2		615, 615		1239.77 1536.91 2		394, 394		1713.57 1772.5 2		518, 518		1848.82 2025.04 2		150, 
1		2107.17 2402.72 2		279, 279		2419.37 2578.65 2		151, 
1		1230.1 1635.46 2		152, 
1		990.767 1144.93 2		211, 211		1387.55 1514 2		465, 465		2085.77 2270.09 2		154, 
1		1603.48 1728.06 2		148, 148		1772.33 1868.2 2		107, 107		2168.35 2273.08 2		155, 
1		728.383 905.162 2		629, 629		1273.65 1391.9 2		601, 601		1421.87 1521.78 1		156, 
1		1656.23 1814.8 2		183, 183		1865.43 1936.07 2		413, 413		2359.22 2588.24 2		159, 
1		667.167 962.717 2		279, 279		979.367 1138.65 2		151, 151		1312.45 1542.17 2		160, 
1		136.967 260.303 2		372, 372		707.85 957.65 2		161, 
1		1324.62 1556.08 2		164, 
1		1379.48 1547.14 2		223, 223		2122.43 2283.48 2		619, 619		2426.32 2620.06 2		164, 
1		728.383 905.162 2		629, 629		1058.82 1227.96 2		73, 73		1277.45 1541.91 2		214, 214		1586.85 1751.49 2		165, 
1		855.683 991.028 2		207, 207		1097.57 1196.14 2		321, 321		1232.67 1323.58 2		167, 
1		1603.48 1728.06 2		148, 148		2066.63 2237.05 2		325, 325		2387.57 2509.89 2		167, 
1		874.533 1090.84 2		615, 615		1120.58 1332.4 2		122, 122		1395.83 1571.97 2		169, 
1		216.233 374.798 2		183, 183		401.917 620.357 2		442, 442		706.817 914.252 2		170, 
1		446.717 550.862 2		378, 378		1048.42 1293.45 2		568, 568		1365.55 1496.68 3		170, 
1		523.033 656.207 2		532, 532		784.8 972.946 2		171, 
1		1004.47 1331.07 2		138, 138		1443.97 1686.4 2		171, 
1		1671.02 1793.52 2		344, 344		1967.3 2139.43 2		479, 479		2277.97 2518.2 2		172, 
1		1671.02 1793.52 2		344, 344		1967.3 2139.43 2		479, 479		2277.97 2518.2 2		172, 
1		1603.48 1728.06 2		148, 148		1731.18 1889.89 2		439, 439		1924.27 2121.06 2		595, 595		2403.25 2584.91 2		174, 
1		728.383 905.162 2		629, 629		927.9 1032.41 2		80, 80		1307.7 1405.32 1		423, 423		1508.12 1685.13 2		175, 
1		741.383 870.984 2		405, 405		969.05 1193.8 2		176, 
