1		231.017 353.52 2		344, 344		672.133 835.99 2		66, 66		1016.68 1121.94 2		437, 437		1200.63 1329.62 2		5, 
1		1359.97 1457.75 2		590, 590		1737.63 1822.19 2		5, 
1		216.233 374.798 2		183, 183		892.35 1113 2		228, 228		1219.33 1392.54 2		6, 
1		1324.62 1556.08 2		164, 164		1992.8 2268.51 2		7, 
1		231.017 353.52 2		344, 344		366.8 576.98 2		10, 
1		667.167 962.717 2		279, 279		994.133 1113.02 2		618, 618		1175.72 1292.04 2		539, 539		1384.57 1462.58 2		10, 
1		741.383 870.984 2		405, 405		1155.92 1428.83 2		362, 362		1563.52 1672.76 2		12, 
1		163.483 288.06 2		148, 148		541.5 793.895 2		404, 404		803.25 901.817 2		13, 
1		1359.97 1457.75 2		590, 590		1547.2 1627.59 2		478, 478		1750.75 1889.03 2		141, 141		2027.05 2259.99 2		17, 
1		446.717 550.862 2		378, 378		661.583 856.003 2		564, 564		1068.6 1150 2		18, 
1		586.417 784.15 2		339, 339		949.5 1075.27 2		41, 41		1200.63 1454.86 2		19, 
1		1576.97 1700.3 2		372, 372		1829.93 1999.6 2		104, 104		2087.77 2134.08 2		369, 369		2153.82 2287.58 2		19, 
1		523.033 656.207 2		532, 532		784.8 972.946 2		171, 171		1140.75 1315.12 2		23, 
1		728.383 905.162 2		629, 629		956.433 1140.02 2		266, 266		1410.4 1559.74 2		376, 376		1733.82 1811.48 2		28, 
1		874.533 1090.84 2		615, 615		1179.88 1240.69 1		30, 
1		446.717 550.862 2		378, 378		554.533 631.407 2		391, 391		756.183 1079.09 2		95, 95		1123.48 1368.92 2		32, 
1		990.767 1144.93 2		211, 211		1327.47 1384.84 2		77, 77		1511.25 1614.19 2		253, 253		1748.75 1890.69 2		38, 
1		728.383 905.162 2		629, 629		1033.83 1222.78 2		107, 107		1555.3 1648.12 2		40, 
1		1359.97 1457.75 2		590, 590		1494.02 1701.45 2		40, 
1		957.05 1128.24 2		434, 434		1467.08 1583.74 2		270, 270		1828.65 1922.35 2		44, 
1		728.383 905.162 2		629, 629		1229.92 1486.72 2		124, 124		1536.28 1598.75 1		342, 342		1599.3 1708.36 2		50, 
1		1050 1252.24 2		211, 211		1387.55 1514 2		465, 465		1899.15 2083.67 2		52, 
1		548.683 698.486 2		591, 591		1204.65 1278.65 2		65, 65		1339.88 1380.27 1		297, 297		1460.8 1655.72 2		53, 
1		216.233 374.798 2		183, 183		422.467 563.184 2		583, 583		642.083 856.801 2		230, 230		874.8 1071.74 2		57, 
1		728.383 905.162 2		629, 629		956.433 1140.02 2		266, 266		1140.73 1378.56 2		60, 
1		1022 1244.43 2		61, 
1		446.717 550.862 2		378, 378		560.983 689.414 2		564, 564		728.767 1122.15 2		62, 
1		446.717 550.862 2		378, 378		560.983 689.414 2		564, 564		728.767 1122.15 2		62, 
1		136.967 260.303 2		372, 372		595.617 799.022 2		68, 
1		648.2 864.266 2		533, 533		976.383 1094.11 2		68, 
1		1444.6 1908.88 2		639, 639		2326.38 2397.77 2		69, 
1		1647.08 1977.47 2		70, 
1		231.017 353.52 2		344, 344		491.183 631.161 3		328, 328		1051.85 1136.76 2		72, 
1		1379.48 1547.14 2		223, 223		1687.02 1815.1 2		362, 362		1935.27 2039.83 2		73, 
1		548.683 698.486 2		591, 591		710.167 857.537 2		75, 
1		1409.6 1704.4 2		214, 214		1744.58 1930.58 2		488, 488		2041.38 2221.91 2		76, 
1		548.683 698.486 2		591, 591		749.567 850.893 2		262, 262		881.35 975.43 2		79, 
1		728.383 905.162 2		629, 629		927.9 1032.41 2		80, 80		1451.68 1689.77 2		79, 
1		136.967 260.303 2		372, 372		389.933 559.601 2		104, 104		673.35 784.677 2		81, 
1		1359.97 1457.75 2		590, 590		1494.02 1701.45 2		40, 40		1759.35 2046.09 2		81, 
1		523.033 656.207 2		532, 532		784.8 972.946 2		171, 171		1257.32 1435.16 2		83, 
1		1091.7 1245.55 2		353, 353		1339.12 1427.83 2		525, 525		1706.77 1763.78 1		84, 
1		1359.97 1457.75 2		590, 590		1621.47 1714.67 1		84, 
1		1556.13 1715.57 2		515, 515		1741.1 1825.87 2		84, 
1		1050 1252.24 2		211, 211		1470.63 1641.58 2		87, 
1		843.233 1053.73 2		304, 304		1194.65 1247.1 2		172, 172		1371.25 1434.71 1		91, 
1		728.383 905.162 2		629, 629		1371.12 1456.61 1		195, 195		1501.9 1619.29 2		92, 
1		843.233 1053.73 2		304, 304		1403.23 1608.55 2		93, 
1		1656.23 1814.8 2		183, 183		1828.45 1937.76 2		216, 216		2009.13 2165.67 2		94, 
1		1656.23 1814.8 2		183, 183		1828.45 1937.76 2		216, 216		2009.13 2165.67 2		94, 
1		1050 1252.24 2		211, 211		1387.55 1514 2		465, 465		1747 1861.63 2		96, 
1		728.383 905.162 2		629, 629		927.9 1032.41 2		80, 80		1193.35 1353.31 2		389, 389		1683.9 1766.26 2		100, 
1		1379.48 1547.14 2		223, 223		1918.28 1975.66 2		301, 301		2264.47 2386.19 2		100, 
1		586.417 784.15 2		339, 339		1260.35 1436.4 2		101, 
1		1576.97 1700.3 2		372, 372		1829.93 1999.6 2		104, 
1		990.767 1144.93 2		211, 211		1475.32 2067.54 2		105, 
1		1603.48 1728.06 2		148, 148		1772.33 1868.2 2		107, 
1		548.683 698.486 2		591, 591		749.567 850.893 2		262, 262		1151.68 1245.36 2		109, 
1		1379.48 1547.14 2		223, 223		1585.07 1917.1 2		348, 348		1952.1 2051.42 2		316, 316		2305.52 2400.77 2		109, 
1		667.167 962.717 2		279, 279		994.133 1113.02 2		618, 618		1399.95 1583.43 2		233, 233		1795 2014.39 2		112, 
1		446.717 550.862 2		378, 378		735.017 882.757 2		114, 
1		1082.1 1304.41 2		118, 118		1310.88 1488.67 2		241, 241		1529.83 1714.29 2		114, 
1		570.917 1106.73 2		600, 600		1299.78 1457.29 2		121, 
1		990.767 1144.93 2		211, 211		1352.4 1560.11 2		591, 591		1626.43 1769.21 3		144, 144		1811.63 1960.37 2		121, 
1		874.533 1090.84 2		615, 615		1120.58 1332.4 2		122, 
1		1671.02 1793.52 2		344, 344		1859.4 2205.8 2		123, 
1		1004.47 1331.07 2		138, 138		1391.18 1650.08 2		127, 
1		1409.6 1704.4 2		214, 214		1744.58 1930.58 2		488, 488		2441.75 2527.08 2		384, 384		2540.08 2669.24 2		128, 
1		728.383 905.162 2		629, 629		927.9 1032.41 2		80, 80		1330.7 1380.65 1		130, 
1		1603.48 1728.06 2		148, 148		1834.8 2117.48 2		629, 629		2156.62 2309.13 2		137, 
1		1050 1252.24 2		211, 211		1352.4 1560.11 2		591, 591		1626.43 1769.21 3		144, 
1		843.233 1053.73 2		304, 304		1144.95 1234.9 3		441, 441		1243.08 1485.21 0		147, 
1		1050 1252.24 2		211, 211		1366 1513.07 2		147, 
1		1603.48 1728.06 2		148, 
1		1603.48 1728.06 2		148, 
1		990.767 1144.93 2		211, 211		1461.9 1673.27 2		109, 109		1766.57 1922.56 2		149, 
1		773.817 1022.49 2		253, 253		1050.8 1219.68 2		186, 186		1330.8 1572.12 2		432, 432		1680.17 1849.86 2		150, 
1		2107.17 2402.72 2		279, 279		2419.37 2578.65 2		151, 
1		1230.1 1635.46 2		152, 
1		1050 1252.24 2		211, 211		1387.55 1514 2		465, 465		2085.77 2270.09 2		154, 
1		1437.92 1703.57 2		500, 500		1951.5 2140.19 2		155, 
1		874.533 1090.84 2		615, 615		1145.75 1396.35 2		156, 
1		1656.23 1814.8 2		183, 183		1865.43 1936.07 2		413, 413		2359.22 2588.24 2		159, 
1		728.383 905.162 2		629, 629		1058.82 1227.96 2		73, 73		1343.28 1413.67 2		646, 646		1428.55 1527.2 2		160, 
1		136.967 260.303 2		372, 372		707.85 957.65 2		161, 
1		1324.62 1556.08 2		164, 
1		1379.48 1547.14 2		223, 223		2122.43 2283.48 2		619, 619		2426.32 2620.06 2		164, 
1		843.233 1053.73 2		304, 304		1299.07 1446.89 2		84, 84		1554.27 1794.71 2		165, 
1		855.683 991.028 2		207, 207		1097.57 1196.14 2		321, 321		1232.67 1323.58 2		167, 
1		1603.48 1728.06 2		148, 148		2066.63 2237.05 2		325, 325		2387.57 2509.89 2		167, 
1		874.533 1090.84 2		615, 615		1120.58 1332.4 2		122, 122		1395.83 1571.97 2		169, 
1		216.233 374.798 2		183, 183		401.917 620.357 2		442, 442		706.817 914.252 2		170, 
1		548.683 698.486 2		591, 591		710.167 857.537 2		75, 75		1004.58 1117.01 2		20, 20		1140.85 1367.31 2		170, 
1		523.033 656.207 2		532, 532		784.8 972.946 2		171, 
1		1029.4 1235.26 2		547, 547		1485.9 1740.15 2		171, 
1		1379.48 1547.14 2		223, 223		1616.32 1726.89 2		618, 618		1743.53 1868.53 2		172, 
1		1671.02 1793.52 2		344, 344		1967.3 2139.43 2		479, 479		2251.77 2421.86 2		172, 
1		1603.48 1728.06 2		148, 148		1731.18 1889.89 2		439, 439		1924.27 2121.06 2		595, 595		2403.25 2584.91 2		174, 
1		728.383 905.162 2		629, 629		927.9 1032.41 2		80, 80		1307.7 1405.32 1		423, 423		1508.12 1685.13 2		175, 
1		741.383 870.984 2		405, 405		969.05 1193.8 2		176, 
