1782.02
655.521
2145.12
1109.64
1630.84
1075.32
1807.33
1044.94
1840.26
1033.05
1188.64
1426.91
1734.61
1352.27
2257.93
2232.66
1113.27
1231.23
876.335
1186.65
1070.81
1194.1
1427.68
1346.44
1908.74
1224.67
1491.72
756.632
766.631
496.329
1492.72
562.592
911.574
1830.23
584.27
1101.46
1879.86
1387.98
767.477
711.151
1332.36
1895.8
556.116
456.699
630.709
1369.92
1008.44
1109.26
952.856
835.606
1512.95
1193.04
1013.89
868.232
864.185
1612.03
494.667
743.194
1238.37
1455.9
816.557
1563.45
1652.36
1619.98
1386.01
1064.77
879.248
1606.72
1513.63
1472.29
1966.66
672.185
575.002
782.71
376.693
991.824
1453.49
1687.05
558.824
1408.91
794.64
932.835
1571.34
1304.77
1095.45
628.359
1657.86
2260.85
2181.92
1652.83
675.01
806.369
1237.62
463.43
1656
1596.24
1260.35
803.123
562.822
554.146
