1735.03
655.521
2522.65
1109.64
1183.56
1389.14
1951.06
1044.94
1840.26
1033.05
2320.22
1426.91
1734.61
1584.76
2257.93
2232.66
1790.75
1231.23
876.335
1186.65
2051.48
1194.1
1903.87
1458.45
1908.74
1224.67
1078.78
756.632
766.631
1710.03
1259.36
1160.8
911.574
1830.23
584.27
1101.46
759.064
1387.98
767.477
1823.19
1360.98
783.799
556.116
456.699
630.709
2264.72
1008.44
1109.26
952.856
835.606
1512.95
1883.18
1406.78
2062.39
864.185
2016.85
494.667
743.194
1522.96
1455.9
816.557
1563.45
2705.92
2283.67
2392.22
1464.35
1864.11
1606.72
2474.07
1574.7
1479.81
672.185
575.002
782.71
376.693
1902.69
1453.49
1687.05
558.824
1744.24
1264
2097.26
1571.34
1772.71
1209.58
628.359
1657.86
2260.85
1520.37
1652.83
1609.19
1347.93
1237.62
463.43
1656
1596.24
1260.35
1188.09
2349.65
554.146
